         Energy
      4.5951231
      4.5357945
      4.5160183
      4.5396318
      4.5693443
      4.5891527
      4.5953555
      4.6007418
      4.6120406
      4.6025399
      4.6334552
      4.6600950
      4.6826363
      4.6995165
      4.7143578
      4.6972350
      4.6877899
      4.6793942
      4.6718824
      4.6662763
      4.6612042
      4.6530907
      4.6403596
      4.6350186
      4.6301049
      4.6255691
      4.6213694
      4.6181751
      4.6214463
      4.6222333
      4.6224047
      4.6225654
      4.6231501
      4.6266604
      4.6314362
      4.6377919
      4.6438040
      4.6510043
      4.6666913
      4.6802640
      4.6931746
      4.7054704
      4.7171944
      4.7279914
      4.7275049
      4.7270395
      4.7265940
      4.7261670
      4.7281372
      4.7288820
      4.7295976
      4.7315472
      4.7334232
      4.7367355
      4.7392056
      4.7415876
      4.7413944
      4.7428989
      4.7456353
      4.7482805
      4.7508389
      4.7533149
      4.7564571
      4.7691853
      4.7826074
      4.7874650
      4.7921776
      4.7984434
      4.8042807
      4.8049649
      4.8033491
      4.8010825
      4.7988780
      4.8003376
      4.7993473
      4.7983830
      4.8006912
      4.8020258
      4.8053689
      4.8086283
      4.8105418
      4.8090425
      4.8070378
      4.8050808
      4.8031698
      4.7992584
      4.7980018
      4.7967738
      4.7963502
      4.7953013
      4.7933027
      4.7913477
      4.7899503
      4.7909729
      4.7919740
      4.7929542
      4.7939142
      4.7962591
      4.8018376
      4.8058853
      4.8082766
      4.8106407
      4.8141243
      4.8164616
      4.8188755
      4.8212438
      4.8235678
      4.8258488
      4.8260108
      4.8256241
      4.8252443
      4.8284167
      4.8320029
      4.8355261
      4.8400984
      4.8439801
      4.8487767
      4.8523355
      4.8558345
      4.8592752
      4.8632779
      4.8645316
      4.8654942
      4.8656377
      4.8657789
      4.8640342
      4.8638043
      4.8638483
      4.8627638
      4.8616961
      4.8598999
      4.8596384
      4.8597609
      4.8604781
      4.8629578
      4.8656033
      4.8707661
      4.8771522
      4.8834464
      4.8889117
      4.8942995
      4.8987610
      4.9031601
      4.9071648
      4.9089748
      4.9111585
      4.9133124
      4.9154373
      4.9175336
      4.9202217
      4.9203164
      4.9204099
      4.9202162
      4.9202751
      4.9197955
      4.9196646
      4.9205796
      4.9211491
      4.9217114
      4.9222667
      4.9226349
      4.9218024
      4.9209802
      4.9201679
      4.9193655
      4.9187206
      4.9185817
      4.9184444
      4.9183088
      4.9180787
      4.9175108
      4.9177713
      4.9175793
      4.9178105
      4.9180391
      4.9184132
      4.9192020
      4.9194551
      4.9197053
      4.9199528
      4.9201976
      4.9214358
      4.9221699
      4.9219930
      4.9213572
      4.9209263
      4.9206760
      4.9204284
      4.9201835
      4.9194129
      4.9185097
      4.9176158
      4.9170546
      4.9164992
      4.9158141
      4.9151359
      4.9142203
      4.9132018
      4.9125338
      4.9118725
      4.9108183
      4.9099198
      4.9084395
      4.9070162
      4.9065316
      4.9060516
      4.9057996
      4.9057268
      4.9067858
      4.9076493
      4.9072042
      4.9061504
      4.9044429
      4.9030572
      4.9016844
      4.9004044
      4.8991361
      4.8976888
      4.8966571
      4.8954170
      4.8942736
      4.8931405
      4.8919350
      4.8906430
      4.8892943
      4.8879574
      4.8867896
      4.8856320
      4.8844588
      4.8832959
      4.8822062
      4.8811260
      4.8805471
      4.8799732
      4.8794563
      4.8789437
      4.8787187
      4.8787234
      4.8784599
      4.8781986
      4.8777838
      4.8769986
      4.8763600
      4.8759460
      4.8752172
      4.8744942
      4.8742602
      4.8743998
      4.8744295
      4.8744589
      4.8754040
      4.8763416
      4.8771827
      4.8786788
      4.8794609
      4.8802368
      4.8806541
      4.8810681
      4.8814790
      4.8818866
      4.8822912
      4.8840805
      4.8846209
      4.8854698
      4.8859769
      4.8864801
      4.8867181
      4.8860384
      4.8855541
      4.8848835
      4.8842178
      4.8839718
      4.8835802
      4.8831154
      4.8826711
      4.8826108
      4.8824872
      4.8829484
      4.8834062
      4.8839388
      4.8842407
      4.8839719
      4.8831618
      4.8823574
      4.8815645
      4.8807771
      4.8801408
      4.8795090
      4.8788815
      4.8784300
      4.8778768
      4.8780315
      4.8782607
      4.8786791
      4.8790024
      4.8793236
      4.8796426
      4.8799595
      4.8802743
      4.8805870
      4.8805281
      4.8797052
      4.8788528
      4.8778098
      4.8769057
      4.8755817
      4.8742662
      4.8727499
      4.8712025
      4.8701333
      4.8695078
      4.8701174
      4.8701851
      4.8702524
      4.8707824
      4.8713089
      4.8718322
      4.8723521
      4.8728688
      4.8719106
      4.8709583
      4.8698616
      4.8692390
      4.8680898
      4.8669477
      4.8658126
      4.8647701
      4.8638011
      4.8628380
      4.8619402
      4.8610478
      4.8605246
      4.8610098
      4.8615587
      4.8621043
      4.8623745
      4.8628347
      4.8629801
      4.8630424
      4.8632207
      4.8626601
      4.8621027
      4.8617959
      4.8612284
      4.8606643
      4.8604114
      4.8604751
      4.8607417
      4.8609527
      4.8613697
      4.8613760
      4.8613823
      4.8620162
      4.8626465
      4.8632732
      4.8638674
      4.8647793
      4.8649045
      4.8650717
      4.8651305
      4.8641822
      4.8632498
      4.8623225
      4.8614003
      4.8602426
      4.8591637
      4.8584597
      4.8577596
      4.8570633
      4.8562034
      4.8553482
      4.8543211
      4.8532995
      4.8520437
      4.8509179
      4.8499703
      4.8490278
      4.8483455
      4.8476080
      4.8468743
      4.8464851
      4.8460979
      4.8454347
      4.8447685
      4.8441058
      4.8435411
      4.8430025
      4.8424822
      4.8418429
      4.8412069
      4.8405741
      4.8400372
      4.8396274
      4.8394098
      4.8397732
      4.8399434
      4.8401111
      4.8400290
      4.8405143
      4.8413499
      4.8412550
      4.8410902
      4.8409262
      4.8408871
      4.8406376
      4.8403893
      4.8401422
      4.8394527
      4.8390166
      4.8387435
      4.8384718
      4.8380617
      4.8376403
      4.8373133
      4.8370788
      4.8368455
      4.8366134
      4.8365535
      4.8364939
      4.8364345
      4.8363755
      4.8362469
      4.8357353
      4.8351750
      4.8347362
      4.8342995
      4.8338649
      4.8340079
      4.8345312
      4.8353580
      4.8364496
      4.8377414
      4.8386777
      4.8397242
      4.8413351
      4.8429387
      4.8445348
      4.8461237
      4.8477054
      4.8492799
      4.8509931
      4.8531182
      4.8552338
      4.8568408
      4.8584405
      4.8599918
      4.8615361
      4.8623913
      4.8632426
      4.8635681
      4.8638922
      4.8642148
      4.8642948
      4.8643744
      4.8652435
      4.8661088
      4.8660153
      4.8659223
      4.8658296
      4.8658526
      4.8654561
      4.8648951
      4.8642911
      4.8636897
      4.8630908
      4.8624946
      4.8620503
      4.8614046
      4.8606927
      4.8600197
      4.8592991
      4.8587327
      4.8581688
      4.8576883
      4.8570527
      4.8566812
      4.8563725
      4.8561195
      4.8557328
      4.8553478
      4.8549643
      4.8545824
      4.8542258
      4.8538707
      4.8536971
      4.8535241
      4.8533094
      4.8530955
      4.8528075
      4.8525206
      4.8522349
      4.8521836
      4.8521325
      4.8523662
      4.8525990
      4.8524587
      4.8523190
      4.8520378
      4.8513968
      4.8513396
      4.8512200
      4.8511009
      4.8510096
      4.8504589
      4.8498274
      4.8491044
      4.8482059
      4.8475568
      4.8469103
      4.8462663
      4.8456249
      4.8454168
      4.8447727
      4.8442211
      4.8438680
      4.8437144
      4.8435614
      4.8433542
      4.8426583
      4.8418818
      4.8414774
      4.8411576
      4.8409541
      4.8407514
      4.8405495
      4.8403483
      4.8411102
      4.8418691
      4.8418291
      4.8417862
      4.8417690
      4.8420747
      4.8423792
      4.8434952
      4.8441777
      4.8446960
      4.8452125
      4.8451829
      4.8451534
      4.8451241
      4.8451610
      4.8451978
      4.8454628
      4.8457269
      4.8459900
      4.8460079
      4.8460258
      4.8461780
      4.8460236
      4.8458698
      4.8457166
      4.8454489
      4.8452236
      4.8449990
      4.8448223
      4.8446197
      4.8442468
      4.8438842
      4.8434346
      4.8429500
      4.8424232
      4.8418982
      4.8414649
      4.8409114
      4.8403599
      4.8397584
      4.8391591
      4.8385619
      4.8380660
      4.8374377
      4.8367946
      4.8363898
      4.8359865
      4.8355634
      4.8349795
      4.8343975
      4.8338176
      4.8333520
      4.8328880
      4.8324256
      4.8319647
      4.8317299
      4.8314156
      4.8310403
      4.8308482
      4.8306995
      4.8305512
      4.8301817
      4.8298870
      4.8295934
      4.8290702
      4.8287057
      4.8282063
      4.8277087
      4.8272127
      4.8267256
      4.8265923
      4.8264595
      4.8263774
      4.8262955
      4.8261938
      4.8260527
      4.8255892
      4.8251862
      4.8247906
      4.8243776
      4.8243033
      4.8246344
      4.8249829
      4.8243857
      4.8235833
      4.8227836
      4.8219865
      4.8211920
      4.8209065
      4.8207900
      4.8206952
      4.8206007
      4.8204128
      4.8202429
      4.8200736
      4.8199049
      4.8197367
      4.8192928
      4.8188918
      4.8184970
      4.8181664
      4.8177784
      4.8173802
      4.8169832
      4.8165876
      4.8161340
      4.8160065
      4.8159612
      4.8159335
      4.8158638
      4.8156069
      4.8153894
      4.8152709
      4.8151528
      4.8149025
      4.8148496
      4.8147335
      4.8147486
      4.8145587
      4.8142854
      4.8140129
      4.8135405
      4.8130696
      4.8130428
      4.8130828
      4.8131506
      4.8131098
      4.8131676
      4.8132253
      4.8131408
      4.8127135
      4.8125497
      4.8124272
      4.8123080
      4.8121644
      4.8121168
      4.8121687
      4.8122870
      4.8127192
      4.8131500
      4.8132775
      4.8134046
      4.8135312
      4.8135966
      4.8134380
      4.8133729
      4.8134764
      4.8135796
      4.8136320
      4.8137146
      4.8137969
      4.8143990
      4.8149994
      4.8155828
      4.8159651
      4.8161008
      4.8161598
      4.8162187
      4.8162800
      4.8163412
      4.8161519
      4.8157359
      4.8153212
      4.8150113
      4.8148352
      4.8146628
      4.8146448
      4.8142203
      4.8137963
      4.8133734
      4.8129626
      4.8125723
      4.8125519
      4.8125434
      4.8125127
      4.8125006
      4.8124885
      4.8124764
      4.8124762
      4.8124760
      4.8121105
      4.8117462
      4.8112643
      4.8108609
      4.8104587
      4.8100116
      4.8097133
      4.8094158
      4.8091512
      4.8087164
      4.8082827
      4.8077396
      4.8075094
      4.8072852
      4.8070615
      4.8067395
      4.8064086
      4.8060786
      4.8057595
      4.8056393
      4.8055379
      4.8053814
      4.8052437
      4.8051580
      4.8051628
      4.8052270
      4.8056009
      4.8059738
      4.8066832
      4.8073908
      4.8080964
      4.8089376
      4.8097764
      4.8106130
      4.8116824
      4.8127489
      4.8135118
      4.8144159
      4.8152321
      4.8156763
      4.8160499
      4.8162925
      4.8164174
      4.8163401
      4.8162631
      4.8162519
      4.8161727
      4.8160936
      4.8160172
      4.8159409
      4.8158682
      4.8157625
      4.8159201
      4.8159389
      4.8160164
      4.8164255
      4.8167660
      4.8171056
      4.8174443
      4.8174111
      4.8172918
      4.8172942
      4.8172279
      4.8170289
      4.8167291
      4.8163985
      4.8162921
      4.8161971
      4.8161024
      4.8159880
      4.8156603
      4.8154164
      4.8151732
      4.8149305
      4.8146274
      4.8142608
      4.8131092
      4.8127633
      4.8122493
      4.8118600
      4.8114938
      4.8111284
      4.8107227
      4.8101866
      4.8097347
      4.8092839
      4.8088830
      4.8082579
      4.8079669
      4.8076287
      4.8073016
      4.8068663
      4.8065785
      4.8066815
      4.8063764
      4.8062658
      4.8060398
      4.8058143
      4.8055894
      4.8052772
      4.8049526
      4.8046288
      4.8042860
      4.8039442
      4.8036718
      4.8034002
      4.8031736
      4.8029286
      4.8026022
      4.8023232
      4.8020320
      4.8016758
      4.8013824
      4.8010897
      4.8009943
      4.8009570
      4.8008332
      4.8005133
      4.8002351
      4.7999576
      4.7996808
      4.7993986
      4.7990567
      4.7987156
      4.7985171
      4.7982135
      4.7979719
      4.7977524
      4.7975490
      4.7973069
      4.7970961
      4.7968545
      4.7968785
      4.7968066
      4.7969506
      4.7968864
      4.7969433
      4.7969971
      4.7972152
      4.7974176
      4.7976194
      4.7978208
      4.7981536
      4.7984963
      4.7988381
      4.7991306
      4.7996258
      4.8001199
      4.8007934
      4.8013619
      4.8021432
      4.8029226
      4.8037003
      4.8043190
      4.8049363
      4.8055235
      4.8059585
      4.8065597
      4.8071595
      4.8077406
      4.8083204
      4.8088988
      4.8094029
      4.8100122
      4.8102967
      4.8105805
      4.8107309
      4.8107462
      4.8107110
      4.8106820
      4.8110843
      4.8115138
      4.8123806
      4.8132453
      4.8141081
      4.8147092
      4.8152287
      4.8157469
      4.8161121
      4.8163154
      4.8165182
      4.8168142
      4.8175020
      4.8176802
      4.8179697
      4.8182586
      4.8184466
      4.8186625
      4.8186610
      4.8186202
      4.8186658
      4.8187113
      4.8188045
      4.8188181
      4.8187667
      4.8187437
      4.8186510
      4.8184229
      4.8182195
      4.8180238
      4.8179576
      4.8178916
      4.8177132
      4.8177092
      4.8177052
      4.8177012
      4.8176466
      4.8179464
      4.8182455
      4.8184743
      4.8189743
      4.8197633
      4.8205507
      4.8209216
      4.8211698
      4.8212984
      4.8214308
      4.8216784
      4.8218797
      4.8219434
      4.8220532
      4.8221460
      4.8222659
      4.8226005
      4.8228965
      4.8231919
      4.8231858
      4.8231798
      4.8231766
      4.8232561
      4.8233356
      4.8235139
      4.8235899
      4.8236658
      4.8237043
      4.8236658
      4.8234709
      4.8232764
      4.8230610
      4.8228900
      4.8228163
      4.8227428
      4.8228833
      4.8230261
      4.8231686
      4.8231680
      4.8231139
      4.8230822
      4.8234831
      4.8235252
      4.8234762
      4.8234273
      4.8236750
      4.8239231
      4.8241706
      4.8247857
      4.8253996
      4.8260121
      4.8266234
      4.8272768
      4.8278943
      4.8285105
      4.8290946
      4.8297302
      4.8303645
      4.8309976
      4.8316293
      4.8326105
      4.8328818
      4.8331793
      4.8334761
      4.8338241
      4.8341491
      4.8344734
      4.8347642
      4.8350507
      4.8353365
      4.8354827
      4.8356413
      4.8357996
      4.8359083
      4.8360168
      4.8361250
      4.8362613
      4.8363972
      4.8365361
      4.8365999
      4.8367268
      4.8368332
      4.8370423
      4.8372510
      4.8374593
      4.8377448
      4.8377941
      4.8379475
      4.8382991
      4.8386742
      4.8390777
      4.8394326
      4.8399454
      4.8401555
      4.8401014
      4.8400475
      4.8399813
      4.8399376
      4.8398939
      4.8398106
      4.8398141
      4.8396966
      4.8395794
      4.8394478
      4.8393164
      4.8391853
      4.8391291
      4.8389985
      4.8388084
      4.8386187
      4.8388441
