         Energy
      121.06188
      121.06188
      121.06406
      121.06330
      121.06681
      121.06915
      121.07074
      121.08069
      121.08877
      121.09524
      121.10390
      121.11022
      121.11546
      121.11987
      121.12346
      121.12683
      121.13437
      121.14115
      121.14722
      121.15209
      121.15610
      121.15973
      121.16299
      121.16601
      121.16829
      121.16837
      121.16845
      121.16742
      121.16647
      121.16558
      121.16609
      121.16545
      121.16630
      121.16701
      121.16768
      121.16739
      121.16665
      121.16566
      121.16473
      121.16354
      121.16240
      121.16168
      121.16099
      121.16094
      121.16109
      121.15983
      121.15870
      121.15962
      121.16050
      121.16152
      121.16322
      121.16507
      121.16684
      121.16846
      121.16912
      121.16973
      121.17118
      121.17253
      121.17141
      121.17081
      121.17018
      121.16980
      121.16943
      121.16988
      121.17024
      121.17059
      121.17093
      121.17114
      121.17086
      121.17102
      121.17123
      121.17124
      121.17126
      121.17132
      121.17137
      121.17134
      121.17130
      121.17139
      121.17148
      121.17139
      121.17088
      121.17037
      121.16996
      121.16961
      121.16927
      121.16912
      121.16874
      121.16856
      121.16848
      121.16841
      121.16857
      121.16858
      121.16939
      121.17051
      121.17162
      121.17285
      121.17424
      121.17560
      121.17738
      121.17912
      121.18068
      121.18224
      121.18381
      121.18527
      121.18670
      121.18810
      121.18941
      121.19074
      121.19154
      121.19259
      121.19362
      121.19449
      121.19540
      121.19640
      121.19709
      121.19779
      121.19886
      121.19993
      121.20082
      121.20195
      121.20307
      121.20417
      121.20519
      121.20614
      121.20698
      121.20770
      121.20851
      121.20931
      121.20997
      121.21071
      121.21143
      121.21200
      121.21259
      121.21314
      121.21367
      121.21437
      121.21513
      121.21589
      121.21664
      121.21738
      121.21807
      121.21890
      121.21969
      121.22042
      121.22122
      121.22201
      121.22280
      121.22362
      121.22456
      121.22549
      121.22640
      121.22733
      121.22827
      121.22918
      121.23008
      121.23106
      121.23211
      121.23315
      121.23421
      121.23516
      121.23611
      121.23707
      121.23832
      121.23941
      121.24047
      121.24154
      121.24272
      121.24387
      121.24500
      121.24616
      121.24730
      121.24843
      121.24940
      121.25036
      121.25133
      121.25229
      121.25320
      121.25395
      121.25470
      121.25547
      121.25625
      121.25703
      121.25787
      121.25883
      121.25979
      121.26072
      121.26176
      121.26278
      121.26391
      121.26508
      121.26625
      121.26739
      121.26849
      121.26959
      121.27068
      121.27156
      121.27244
      121.27313
      121.27382
      121.27449
      121.27516
      121.27593
      121.27670
      121.27741
      121.27812
      121.27902
      121.27982
      121.28062
      121.28141
      121.28220
      121.28298
      121.28376
      121.28452
      121.28519
      121.28584
      121.28647
      121.28711
      121.28772
      121.28851
      121.28930
      121.29004
      121.29078
      121.29152
      121.29225
      121.29300
      121.29369
      121.29440
      121.29550
      121.29659
      121.29772
      121.29899
      121.30011
      121.30135
      121.30256
      121.30376
      121.30472
      121.30564
      121.30656
      121.30745
      121.30838
      121.30931
      121.31022
      121.31103
      121.31184
      121.31268
      121.31344
      121.31420
      121.31496
      121.31568
      121.31640
      121.31711
      121.31780
      121.31834
      121.31889
      121.31941
      121.31993
      121.32045
      121.32097
      121.32149
      121.32202
      121.32255
      121.32300
      121.32345
      121.32398
      121.32450
      121.32501
      121.32551
      121.32599
      121.32647
      121.32698
      121.32750
      121.32801
      121.32842
      121.32880
      121.32917
      121.32954
      121.32993
      121.33025
      121.33055
      121.33088
      121.33120
      121.33152
      121.33169
      121.33187
      121.33205
      121.33223
      121.33245
      121.33272
      121.33295
      121.33318
      121.33337
      121.33358
      121.33378
      121.33398
      121.33418
      121.33439
      121.33453
      121.33482
      121.33520
      121.33559
      121.33598
      121.33636
      121.33675
      121.33714
      121.33741
      121.33769
      121.33797
      121.33825
      121.33852
      121.33878
      121.33907
      121.33930
      121.33952
      121.33974
      121.33995
      121.34016
      121.34042
      121.34068
      121.34098
      121.34121
      121.34143
      121.34167
      121.34190
      121.34211
      121.34234
      121.34245
      121.34251
      121.34257
      121.34261
      121.34269
      121.34278
      121.34290
      121.34319
      121.34347
      121.34376
      121.34404
      121.34432
      121.34456
      121.34474
      121.34491
      121.34508
      121.34525
      121.34541
      121.34551
      121.34568
      121.34584
      121.34598
      121.34613
      121.34625
      121.34636
      121.34647
      121.34665
      121.34685
      121.34709
      121.34730
      121.34753
      121.34780
      121.34807
      121.34836
      121.34864
      121.34893
      121.34921
      121.34951
      121.34981
      121.35013
      121.35044
      121.35076
      121.35107
      121.35144
      121.35181
      121.35218
      121.35253
      121.35288
      121.35322
      121.35357
      121.35384
      121.35407
      121.35431
      121.35445
      121.35460
      121.35475
      121.35493
      121.35499
      121.35506
      121.35513
      121.35516
      121.35518
      121.35517
      121.35510
      121.35504
      121.35498
      121.35498
      121.35502
      121.35505
      121.35509
      121.35513
      121.35528
      121.35544
      121.35565
      121.35587
      121.35608
      121.35630
      121.35651
      121.35667
      121.35685
      121.35702
      121.35724
      121.35746
      121.35771
      121.35797
      121.35827
      121.35854
      121.35879
      121.35903
      121.35921
      121.35938
      121.35956
      121.35974
      121.35993
      121.36013
      121.36034
      121.36054
      121.36075
      121.36095
      121.36115
      121.36132
      121.36163
      121.36191
      121.36217
      121.36241
      121.36266
      121.36290
      121.36313
      121.36336
      121.36359
      121.36386
      121.36409
      121.36431
      121.36456
      121.36485
      121.36513
      121.36544
      121.36576
      121.36608
      121.36639
      121.36675
      121.36710
      121.36746
      121.36778
      121.36808
      121.36837
      121.36858
      121.36878
      121.36898
      121.36917
      121.36935
      121.36949
      121.36962
      121.36975
      121.36991
      121.37008
      121.37024
      121.37043
      121.37059
      121.37080
      121.37098
      121.37116
      121.37136
      121.37155
      121.37172
      121.37184
      121.37194
      121.37203
      121.37213
      121.37223
      121.37234
      121.37244
      121.37253
      121.37264
      121.37275
      121.37284
      121.37295
      121.37305
      121.37318
      121.37327
      121.37336
      121.37345
      121.37354
      121.37363
      121.37371
      121.37372
      121.37373
      121.37373
      121.37372
      121.37369
      121.37367
      121.37361
      121.37347
      121.37333
      121.37321
      121.37309
      121.37299
      121.37294
      121.37280
      121.37280
      121.37278
      121.37277
      121.37274
      121.37271
      121.37266
      121.37254
      121.37242
      121.37234
      121.37226
      121.37216
      121.37211
      121.37207
      121.37203
      121.37198
      121.37194
      121.37188
      121.37187
      121.37183
      121.37181
      121.37174
      121.37167
      121.37159
      121.37154
      121.37151
      121.37147
      121.37149
      121.37149
      121.37151
      121.37152
      121.37155
      121.37157
      121.37159
      121.37161
      121.37164
      121.37166
      121.37168
      121.37171
      121.37174
      121.37177
      121.37181
      121.37187
      121.37193
      121.37197
      121.37200
      121.37203
      121.37207
      121.37210
      121.37213
      121.37214
      121.37215
      121.37219
      121.37223
      121.37228
      121.37234
      121.37240
      121.37243
      121.37247
      121.37251
      121.37255
      121.37261
      121.37267
      121.37274
      121.37276
      121.37283
      121.37290
      121.37294
      121.37300
      121.37308
      121.37319
      121.37330
      121.37339
      121.37349
      121.37359
      121.37368
      121.37377
      121.37384
      121.37391
      121.37394
      121.37398
      121.37401
      121.37405
      121.37409
      121.37413
      121.37417
      121.37421
      121.37428
      121.37435
      121.37442
      121.37450
      121.37458
      121.37466
      121.37473
      121.37499
      121.37525
      121.37552
      121.37578
      121.37603
      121.37627
      121.37652
      121.37680
      121.37708
      121.37733
      121.37758
      121.37782
      121.37806
      121.37825
      121.37844
      121.37862
      121.37881
      121.37898
      121.37915
      121.37933
      121.37947
      121.37966
      121.37984
      121.38007
      121.38031
      121.38055
      121.38079
      121.38101
      121.38124
      121.38147
      121.38171
      121.38194
      121.38218
      121.38241
      121.38260
      121.38280
      121.38299
      121.38316
      121.38338
      121.38359
      121.38381
      121.38402
      121.38424
      121.38445
      121.38467
      121.38487
      121.38506
      121.38526
      121.38545
      121.38563
      121.38581
      121.38599
      121.38614
      121.38629
      121.38630
      121.38633
      121.38635
      121.38638
      121.38640
      121.38643
      121.38645
      121.38647
      121.38648
      121.38656
      121.38665
      121.38671
      121.38678
      121.38684
      121.38691
      121.38696
      121.38699
      121.38705
      121.38711
      121.38717
      121.38723
      121.38729
      121.38734
      121.38738
      121.38742
      121.38747
      121.38749
      121.38751
      121.38755
      121.38761
      121.38768
      121.38774
      121.38780
      121.38790
      121.38799
      121.38808
      121.38813
      121.38822
      121.38831
      121.38841
      121.38852
      121.38862
      121.38872
      121.38887
      121.38900
      121.38917
      121.38935
      121.38952
      121.38978
      121.39004
      121.39030
      121.39055
      121.39081
      121.39106
      121.39130
      121.39151
      121.39171
      121.39192
      121.39214
      121.39235
      121.39256
      121.39277
      121.39298
      121.39322
      121.39346
      121.39369
      121.39392
      121.39415
      121.39438
      121.39461
      121.39483
      121.39507
      121.39525
      121.39544
      121.39564
      121.39584
      121.39604
      121.39622
      121.39641
      121.39660
      121.39679
      121.39700
      121.39721
      121.39742
      121.39764
      121.39785
      121.39808
      121.39834
      121.39856
      121.39881
      121.39905
      121.39929
      121.39952
      121.39973
      121.39993
      121.40014
      121.40035
      121.40054
      121.40071
      121.40086
      121.40099
      121.40112
      121.40128
      121.40143
      121.40159
      121.40175
      121.40191
      121.40207
      121.40224
      121.40239
      121.40252
      121.40267
      121.40283
      121.40296
      121.40309
      121.40322
      121.40331
      121.40339
      121.40346
      121.40354
      121.40361
      121.40374
      121.40386
      121.40399
      121.40415
      121.40430
      121.40443
      121.40456
      121.40469
      121.40482
      121.40494
      121.40506
      121.40517
      121.40530
      121.40541
      121.40553
      121.40564
      121.40576
      121.40588
      121.40600
      121.40611
      121.40623
      121.40633
      121.40643
      121.40653
      121.40665
      121.40678
      121.40696
      121.40714
      121.40727
      121.40741
      121.40754
      121.40767
      121.40780
      121.40792
      121.40804
      121.40822
      121.40840
      121.40857
      121.40874
      121.40891
      121.40909
      121.40926
      121.40941
      121.40955
      121.40969
      121.40984
      121.40997
      121.41006
      121.41016
      121.41028
      121.41039
      121.41049
      121.41058
      121.41067
      121.41071
      121.41074
      121.41076
      121.41079
      121.41085
      121.41101
      121.41105
      121.41108
      121.41113
      121.41120
      121.41126
      121.41131
      121.41134
      121.41137
      121.41139
      121.41141
      121.41144
      121.41148
      121.41153
      121.41160
      121.41167
      121.41171
      121.41177
      121.41186
      121.41195
      121.41205
      121.41216
      121.41225
      121.41235
      121.41241
      121.41248
      121.41255
      121.41261
      121.41265
      121.41269
      121.41269
      121.41270
      121.41270
      121.41272
      121.41269
      121.41266
      121.41260
      121.41255
      121.41250
      121.41244
      121.41238
      121.41231
      121.41227
      121.41223
      121.41219
      121.41216
      121.41212
      121.41209
      121.41206
      121.41204
      121.41202
      121.41199
      121.41196
      121.41193
      121.41193
      121.41190
      121.41187
      121.41185
      121.41168
      121.41151
      121.41130
      121.41110
      121.41093
      121.41076
      121.41059
      121.41044
      121.41028
      121.41013
      121.40998
      121.40983
      121.40967
      121.40965
      121.40963
      121.40961
      121.40958
      121.40956
      121.40953
      121.40951
      121.40948
      121.40945
      121.40942
      121.40939
      121.40939
      121.40940
      121.40940
      121.40939
      121.40938
      121.40937
      121.40934
      121.40932
      121.40929
      121.40926
      121.40924
      121.40920
      121.40916
      121.40913
      121.40910
      121.40907
      121.40905
      121.40903
      121.40899
      121.40894
      121.40891
      121.40887
      121.40884
      121.40880
      121.40878
      121.40876
      121.40872
      121.40867
      121.40863
      121.40858
      121.40853
      121.40849
      121.40845
      121.40841
      121.40837
      121.40833
      121.40829
      121.40825
      121.40822
      121.40821
      121.40824
      121.40825
      121.40824
      121.40823
      121.40821
      121.40819
      121.40815
      121.40809
      121.40804
      121.40798
      121.40798
      121.40796
      121.40794
      121.40792
      121.40792
      121.40791
      121.40791
      121.40790
      121.40787
      121.40784
      121.40780
      121.40777
      121.40772
      121.40767
      121.40765
      121.40763
      121.40760
      121.40756
      121.40752
      121.40747
      121.40744
      121.40741
      121.40738
      121.40735
      121.40733
      121.40731
      121.40729
      121.40727
      121.40725
      121.40723
      121.40721
      121.40718
      121.40717
      121.40717
      121.40716
      121.40715
      121.40714
      121.40713
      121.40711
      121.40709
      121.40707
      121.40705
      121.40702
      121.40702
      121.40701
      121.40701
      121.40700
      121.40700
      121.40699
      121.40697
      121.40696
      121.40695
      121.40695
      121.40695
      121.40694
      121.40694
      121.40692
      121.40692
      121.40692
      121.40690
      121.40689
