         Energy
      24.200019
      24.200019
      24.200019
      24.200006
      24.200131
      24.200214
      24.200273
      24.200318
      24.199954
      24.199676
      24.199448
      24.199258
      24.199232
      24.199211
      24.199112
      24.198971
      24.198981
      24.198990
      24.198997
      24.199053
      24.198522
      24.198020
      24.197811
      24.197653
      24.197623
      24.197594
      24.197779
      24.197950
      24.197921
      24.197582
      24.197224
      24.196894
      24.188502
      24.183714
      24.179476
      24.175447
      24.174694
      24.173980
      24.173303
      24.172680
      24.172088
      24.171479
      24.170869
      24.171380
      24.171826
      24.172573
      24.173288
      24.173973
      24.174661
      24.175296
      24.175877
      24.176421
      24.176945
      24.177449
      24.177846
      24.178286
      24.178710
      24.179100
      24.179520
      24.179901
      24.180270
      24.180683
      24.181157
      24.181617
      24.182064
      24.182531
      24.182989
      24.183382
      24.183559
      24.183740
      24.183930
      24.184115
      24.184229
      24.184339
      24.184431
      24.184417
      24.184539
      24.184658
      24.184711
      24.184839
      24.184915
      24.184939
      24.184962
      24.184985
      24.185007
      24.185026
      24.185057
      24.185087
      24.185098
      24.185109
      24.185037
      24.184966
      24.184896
      24.184827
      24.184780
      24.184772
      24.184772
      24.184772
      24.184793
      24.184809
      24.184824
      24.184840
      24.184832
      24.184821
      24.184811
      24.184801
      24.184791
      24.184708
      24.184624
      24.184541
      24.184460
      24.184438
      24.184416
      24.184407
      24.184501
      24.184593
      24.184619
      24.184644
      24.184581
      24.184502
      24.184399
      24.184292
      24.184187
      24.184119
      24.184057
      24.184014
      24.183972
      24.183933
      24.183885
      24.183837
      24.183790
      24.183753
      24.183716
      24.183724
      24.183730
      24.183749
      24.183793
      24.183836
      24.183869
      24.183901
      24.183959
      24.183983
      24.184007
      24.183998
      24.183979
      24.183947
      24.183939
      24.184019
      24.184090
      24.184141
      24.184108
      24.184076
      24.183993
      24.183890
      24.183781
      24.183672
      24.183632
      24.183576
      24.183521
      24.183453
      24.183364
      24.183280
      24.183186
      24.183093
      24.183032
      24.183034
      24.183059
      24.183089
      24.183119
      24.183151
      24.183183
      24.183155
      24.183135
      24.183077
      24.183067
      24.183022
      24.182977
      24.182921
      24.182866
      24.182859
      24.182769
      24.182662
      24.182556
      24.182451
      24.182332
      24.182215
      24.182097
      24.181980
      24.181864
      24.181749
      24.181628
      24.181505
      24.181435
      24.181414
      24.181385
      24.181356
      24.181290
      24.181269
      24.181217
      24.181259
      24.181299
      24.181343
      24.181384
      24.181426
      24.181497
      24.181568
      24.181643
      24.181702
      24.181787
      24.181858
      24.181928
      24.181999
      24.182051
      24.182102
      24.182184
      24.182270
      24.182387
      24.182462
      24.182537
      24.182611
      24.182662
      24.182712
      24.182689
      24.182667
      24.182635
      24.182603
      24.182584
      24.182554
      24.182525
      24.182431
      24.182337
      24.182300
      24.182269
      24.182239
      24.182198
      24.182124
      24.182050
      24.181981
      24.181925
      24.181870
      24.181815
      24.181761
      24.181700
      24.181639
      24.181579
      24.181531
      24.181352
      24.181171
      24.180988
      24.180807
      24.180628
      24.180462
      24.180280
      24.180100
      24.179924
      24.179750
      24.179589
      24.179429
      24.179266
      24.179139
      24.179148
      24.179177
      24.179207
      24.179236
      24.179265
      24.179306
      24.179347
      24.179392
      24.179436
      24.179436
      24.179254
      24.179073
      24.178884
      24.178691
      24.178501
      24.178293
      24.178091
      24.177871
      24.177804
      24.177709
      24.177614
      24.177508
      24.177400
      24.177320
      24.177251
      24.177189
      24.177131
      24.177065
      24.176998
      24.176946
      24.176895
      24.176843
      24.176793
      24.176736
      24.176681
      24.176625
      24.176574
      24.176524
      24.176469
      24.176427
      24.176389
      24.176351
      24.176314
      24.176297
      24.176281
      24.176264
      24.176255
      24.176246
      24.176234
      24.176223
      24.176178
      24.176136
      24.176121
      24.176102
      24.176083
      24.176070
      24.176048
      24.176026
      24.175994
      24.175946
      24.175889
      24.175816
      24.175743
      24.175670
      24.175594
      24.175524
      24.175461
      24.175435
      24.174796
      24.174161
      24.173536
      24.173300
      24.173058
      24.173055
      24.173052
      24.173048
      24.173046
      24.173047
      24.173065
      24.173081
      24.173085
      24.173088
      24.173090
      24.173034
      24.172978
      24.172910
      24.172833
      24.172756
      24.172680
      24.172589
      24.172489
      24.172407
      24.172309
      24.172211
      24.172114
      24.172026
      24.171954
      24.171855
      24.171772
      24.171702
      24.171631
      24.171562
      24.171502
      24.171444
      24.171403
      24.171362
      24.171329
      24.171286
      24.171246
      24.171206
      24.171160
      24.171114
      24.171051
      24.171000
      24.170949
      24.170895
      24.170835
      24.170787
      24.170748
      24.170704
      24.170659
      24.170615
      24.170573
      24.170539
      24.170504
      24.170461
      24.170436
      24.170421
      24.170406
      24.170415
      24.170429
      24.170443
      24.170460
      24.170484
      24.170512
      24.170540
      24.170568
      24.170596
      24.170655
      24.170698
      24.170740
      24.170778
      24.170812
      24.170846
      24.170879
      24.170912
      24.170950
      24.170988
      24.171022
      24.171018
      24.170998
      24.170981
      24.170976
      24.170972
      24.170971
      24.170967
      24.170962
      24.170960
      24.170965
      24.170972
      24.170982
      24.170992
      24.170993
      24.170981
      24.170992
      24.171003
      24.171002
      24.171001
      24.170994
      24.170946
      24.170909
      24.170848
      24.170786
      24.170727
      24.170671
      24.170615
      24.170559
      24.170524
      24.170474
      24.170423
      24.170366
      24.170297
      24.170201
      24.170106
      24.170054
      24.170002
      24.169957
      24.169912
      24.169853
      24.169812
      24.169771
      24.169730
      24.169685
      24.169640
      24.169605
      24.169576
      24.169555
      24.169533
      24.169507
      24.169476
      24.169444
      24.169427
      24.169413
      24.169399
      24.169387
      24.169362
      24.169323
      24.169284
      24.169248
      24.169212
      24.169179
      24.169172
      24.169164
      24.169167
      24.169169
      24.169180
      24.169189
      24.169206
      24.169227
      24.169253
      24.169305
      24.169358
      24.169379
      24.169399
      24.169391
      24.169407
      24.169414
      24.169377
      24.169340
      24.169304
      24.169279
      24.169261
      24.169252
      24.169205
      24.169158
      24.169111
      24.169064
      24.169018
      24.168971
      24.168925
      24.168879
      24.168834
      24.168764
      24.168696
      24.168650
      24.168607
      24.168557
      24.168502
      24.168447
      24.168396
      24.168345
      24.168254
      24.168161
      24.168068
      24.167981
      24.167893
      24.167806
      24.167719
      24.167633
      24.167547
      24.167461
      24.167376
      24.167286
      24.167197
      24.167109
      24.167020
      24.166934
      24.166841
      24.166763
      24.166725
      24.166687
      24.166659
      24.166630
      24.166535
      24.166483
      24.166432
      24.166361
      24.166303
      24.166249
      24.166194
      24.166140
      24.166086
      24.166023
      24.165963
      24.165904
      24.165845
      24.165803
      24.165753
      24.165701
      24.165658
      24.165615
      24.165574
      24.165534
      24.165494
      24.165445
      24.165393
      24.165328
      24.165253
      24.165193
      24.165141
      24.165095
      24.165055
      24.164962
      24.164867
      24.164757
      24.164627
      24.164489
      24.164341
      24.164137
      24.163952
      24.163769
      24.163601
      24.163434
      24.163267
      24.163105
      24.162933
      24.162742
      24.162658
      24.162179
      24.161702
      24.161227
      24.160754
      24.160282
      24.159816
      24.159775
      24.159726
      24.159677
      24.159636
      24.159581
      24.159526
      24.159487
      24.159452
      24.159417
      24.159381
      24.159344
      24.159309
      24.159270
      24.159210
      24.159151
      24.159108
      24.159061
      24.159007
      24.158963
      24.158920
      24.158879
      24.158829
      24.158779
      24.158745
      24.158711
      24.158677
      24.158640
      24.158570
      24.158500
      24.158414
      24.158335
      24.158257
      24.158178
      24.158112
      24.157980
      24.157824
      24.157668
      24.157507
      24.157355
      24.157220
      24.157074
      24.156936
      24.156823
      24.156710
      24.156609
      24.156509
      24.156410
      24.156322
      24.156258
      24.156223
      24.156187
      24.156157
      24.156132
      24.156093
      24.156064
      24.156015
      24.155967
      24.155904
      24.155850
      24.155784
      24.155719
      24.155654
      24.155589
      24.155514
      24.155439
      24.155384
      24.155329
      24.155276
      24.155224
      24.155172
      24.155128
      24.155084
      24.155041
      24.154999
      24.154977
      24.154967
      24.154955
      24.154935
      24.154915
      24.154895
      24.154865
      24.154840
      24.154823
      24.154800
      24.154762
      24.154738
      24.154715
      24.154691
      24.154665
      24.154687
      24.154711
      24.154757
      24.154793
      24.154829
      24.154865
      24.154892
      24.154919
      24.154943
      24.154974
      24.155007
      24.155039
      24.155066
      24.155093
      24.155113
      24.155122
      24.155132
      24.155153
      24.155174
      24.155209
      24.155244
      24.155279
      24.155323
      24.155354
      24.155387
      24.155425
      24.155463
      24.155501
      24.155539
      24.155576
      24.155617
      24.155651
      24.155702
      24.155740
      24.155779
      24.155818
      24.155867
      24.155920
      24.155983
      24.156045
      24.156110
      24.156155
      24.156200
      24.156249
      24.156297
      24.156344
      24.156398
      24.156451
      24.156503
      24.156552
      24.156597
      24.156634
      24.156670
      24.156689
      24.156707
      24.156713
      24.156718
      24.156724
      24.156727
      24.156699
      24.156677
      24.156657
      24.156640
      24.156653
      24.156667
      24.156650
      24.156631
      24.156611
      24.156592
      24.156566
      24.156543
      24.156503
      24.156460
      24.156417
      24.156382
      24.156347
      24.156313
      24.156288
      24.156264
      24.156240
      24.156216
      24.156200
      24.156184
      24.156159
      24.156134
      24.156110
      24.156073
      24.156044
      24.156015
      24.155986
      24.155988
      24.155990
      24.155995
      24.156001
      24.156006
      24.156012
      24.156008
      24.155995
      24.155982
      24.155968
      24.155953
      24.155910
      24.155867
      24.155826
      24.155789
      24.155744
      24.155700
      24.155641
      24.155585
      24.155530
      24.155475
      24.155420
      24.155361
      24.155300
      24.155231
      24.155161
      24.155092
      24.155028
      24.154961
      24.154902
      24.154845
      24.154784
      24.154723
      24.154681
      24.154633
      24.154592
      24.154552
      24.154512
      24.154472
      24.154437
      24.154407
      24.154378
      24.154354
      24.154329
      24.154296
      24.154271
      24.154279
      24.154305
      24.154325
      24.154338
      24.154352
      24.154366
      24.154375
      24.154385
      24.154393
      24.154399
      24.154406
      24.154413
      24.154427
      24.154448
      24.154467
      24.154486
      24.154505
      24.154534
      24.154563
      24.154592
      24.154630
      24.154668
      24.154703
      24.154739
      24.154791
      24.154818
      24.154841
      24.154864
      24.154890
      24.154921
      24.154952
      24.154979
      24.155008
      24.155037
      24.155066
      24.155095
      24.155128
      24.155155
      24.155183
      24.155212
      24.155245
      24.155273
      24.155303
      24.155325
      24.155347
      24.155378
      24.155410
      24.155435
      24.155459
      24.155483
      24.155510
      24.155535
      24.155534
      24.155534
      24.155534
      24.155534
      24.155531
      24.155542
      24.155553
      24.155565
      24.155578
      24.155590
      24.155607
      24.155623
      24.155639
      24.155640
      24.155618
      24.155595
      24.155574
      24.155552
      24.155518
      24.155473
      24.155429
      24.155385
      24.155351
      24.155329
      24.155305
      24.155278
      24.155249
      24.155255
      24.155272
      24.155289
      24.155307
      24.155321
      24.155335
      24.155352
      24.155388
      24.155411
      24.155426
      24.155442
      24.155456
      24.155472
      24.155487
      24.155502
      24.155489
      24.155475
      24.155461
      24.155442
      24.155422
      24.155402
      24.155384
      24.155365
      24.155338
      24.155313
      24.155288
      24.155263
      24.155238
      24.155218
      24.155186
      24.155151
      24.155117
      24.155092
      24.155066
      24.155041
      24.155017
      24.154982
      24.154958
      24.154934
      24.154906
      24.154877
      24.154865
      24.154853
      24.154848
      24.154843
      24.154824
      24.154801
      24.154779
      24.154756
      24.154730
      24.154700
      24.154670
      24.154629
      24.154587
      24.154577
      24.154566
      24.154559
      24.154561
      24.154566
      24.154568
      24.154568
      24.154568
      24.154568
      24.154586
      24.154601
      24.154601
      24.154605
      24.154610
      24.154610
      24.154610
      24.154617
      24.154616
      24.154623
      24.154631
      24.154635
      24.154644
      24.154633
      24.154621
      24.154609
      24.154596
      24.154578
      24.154551
      24.154538
      24.154525
      24.154519
      24.154513
      24.154480
      24.154449
      24.154411
      24.154376
      24.154341
      24.154305
      24.154270
      24.154235
      24.154201
      24.154159
      24.154117
      24.154065
      24.154014
      24.153962
      24.153911
      24.153859
      24.153806
      24.153752
      24.153699
      24.153646
      24.153593
      24.153562
      24.153536
      24.153511
      24.153485
      24.153460
      24.153419
      24.153382
      24.153345
      24.153308
      24.153259
      24.153222
      24.153179
      24.153136
      24.153114
      24.153096
      24.153068
      24.153052
      24.153035
      24.153018
      24.153001
      24.152988
      24.152975
      24.152962
      24.152949
      24.152936
      24.152923
      24.152910
      24.152890
      24.152879
