      Iteration         Energy
              1     0.66586729
              2     0.87616574
              3      1.3428396
              4      2.2192717
              5      15.075457
              6     -23.390826
              7     -25.079856
              8     -21.401588
              9     -16.370564
             10     -17.725031
             11     -21.547306
             12     -25.735792
             13     -27.508178
             14     -27.508178
             15     -27.508178
             16     -27.508178
             17     -27.508178
             18     -27.508178
             19     -27.508178
             20     -27.508178
             21     -28.010343
             22     -28.459432
             23     -28.459432
             24     -28.459432
             25     -28.459432
             26     -28.459432
             27     -28.459432
             28     -28.459432
             29     -28.459432
             30     -28.459432
             31     -28.459432
             32     -28.459432
             33     -28.459432
             34     -28.459432
             35     -28.459432
             36     -28.459432
             37     -28.459432
             38     -28.459432
             39     -28.459432
             40     -28.459432
             41     -28.459432
             42     -28.459432
             43     -28.459432
             44     -28.459432
             45     -28.459432
             46     -28.459432
             47     -28.459432
             48     -28.459432
             49     -28.459432
             50     -28.459432
             51     -28.459432
             52     -28.459432
             53     -28.459432
             54     -28.459432
             55     -28.459432
             56     -28.459432
             57     -28.459432
             58     -28.459432
             59     -28.459432
             60     -28.459432
             61     -28.459432
             62     -28.459432
             63     -28.459432
             64     -28.459432
             65     -28.459432
             66     -28.459432
             67     -28.459432
             68     -28.459432
             69     -28.508774
             70     -28.624768
             71     -28.624768
             72     -28.624768
             73     -28.624768
             74     -28.624768
             75     -28.624768
             76     -28.624768
             77     -28.624768
             78     -28.624768
             79     -28.624768
             80     -28.624768
             81     -28.624768
             82     -28.624768
             83     -28.624768
             84     -28.624768
             85     -28.624768
             86     -27.862908
             87     -27.359468
             88     -28.159378
             89     -28.164111
             90     -30.322342
             91     -30.971480
             92     -30.971480
             93     -30.971480
             94     -30.971480
             95     -30.971480
             96     -30.971480
             97     -30.971480
             98     -30.971480
             99     -30.971480
            100     -30.971480
            101     -30.971480
            102     -30.971480
            103     -30.971480
            104     -30.971480
            105     -30.971480
            106     -28.296573
            107     -24.672851
            108     -20.265483
            109     -23.775702
            110     -23.775702
            111     -23.775702
            112     -23.775702
            113     -23.775702
            114     -23.775702
            115     -26.891321
            116     -34.508555
            117     -34.508555
            118     -34.508555
            119     -34.508555
            120     -34.508555
            121     -34.508555
            122     -34.508555
            123     -34.508555
            124     -34.508555
            125     -34.508555
            126     -34.508555
            127     -34.508555
            128     -34.508555
            129     -34.169341
            130     -31.277493
            131     -31.277493
            132     -31.277493
            133     -31.277493
            134     -31.277493
            135     -31.277493
            136     -31.277493
            137     -31.277493
            138     -31.277493
            139     -31.277493
            140     -31.277493
            141     -31.277493
            142     -31.277493
            143     -31.277493
            144     -31.277493
            145     -31.277493
            146     -31.277493
            147     -31.277493
            148     -31.277493
            149     -31.277493
            150     -31.277493
            151     -31.277493
            152     -31.277493
            153     -31.277493
            154     -31.277493
            155     -31.277493
            156     -31.277493
            157     -31.277493
            158     -31.277493
            159     -31.277493
            160     -31.277493
            161     -31.277493
            162     -31.277493
            163     -31.277493
            164     -31.277493
            165     -31.277493
            166     -31.277493
            167     -31.277493
            168     -31.277493
            169     -31.277493
            170     -31.277493
            171     -31.277493
            172     -31.277493
            173     -31.277493
            174     -31.277493
            175     -31.277493
            176     -31.277493
            177     -31.277493
            178     -31.277493
            179     -31.277493
            180     -31.277493
            181     -31.277493
            182     -31.277493
            183     -31.277493
            184     -31.277493
            185     -31.277493
            186     -31.277493
            187     -31.277493
            188     -31.277493
            189     -31.277493
            190     -31.277493
            191     -31.277493
            192     -31.277493
            193     -31.277493
            194     -31.277493
            195     -31.277493
            196     -31.277493
            197     -31.277493
            198     -31.277493
            199     -31.277493
            200     -31.277493
            201     -31.277493
            202     -31.277493
            203     -31.277493
            204     -31.277493
            205     -31.277493
            206     -31.277493
            207     -31.277493
            208     -31.277493
            209     -31.277493
            210     -31.277493
            211     -31.277493
            212     -31.277493
            213     -31.277493
            214     -31.277493
            215     -31.277493
            216     -31.277493
            217     -31.277493
            218     -31.277493
            219     -31.277493
            220     -31.277493
            221     -31.277493
            222     -31.277493
            223     -31.277493
            224     -31.277493
            225     -31.277493
            226     -31.277493
            227     -31.277493
            228     -31.277493
            229     -31.277493
            230     -31.277493
            231     -31.277493
            232     -31.277493
            233     -31.277493
            234     -31.277493
            235     -31.277493
            236     -31.277493
            237     -31.277493
            238     -31.277493
            239     -31.277493
            240     -31.277493
            241     -31.277493
            242     -31.277493
            243     -31.277493
            244     -31.277493
            245     -31.277493
            246     -31.277493
            247     -31.277493
            248     -31.277493
            249     -31.277493
            250     -31.277493
            251     -31.277493
            252     -31.277493
            253     -31.277493
            254     -31.277493
            255     -31.277493
            256     -31.277493
            257     -31.277493
            258     -31.277493
            259     -31.277493
            260     -31.277493
            261     -31.277493
            262     -31.277493
            263     -31.277493
            264     -31.277493
            265     -31.277493
            266     -31.277493
            267     -31.277493
            268     -31.277493
            269     -31.277493
            270     -31.277493
            271     -31.277493
            272     -31.277493
            273     -31.277493
            274     -31.277493
            275     -31.277493
            276     -31.277493
            277     -31.277493
            278     -31.277493
            279     -31.277493
            280     -31.277493
            281     -31.277493
            282     -31.277493
            283     -31.277493
            284     -31.277493
            285     -31.277493
            286     -31.277493
            287     -31.277493
            288     -31.277493
            289     -31.277493
            290     -31.277493
            291     -31.277493
            292     -31.277493
            293     -31.277493
            294     -31.277493
            295     -31.277493
            296     -31.277493
            297     -31.277493
            298     -31.277493
            299     -31.277493
            300     -31.277493
            301     -31.277493
            302     -31.277493
            303     -31.277493
            304     -31.277493
            305     -31.277493
            306     -31.277493
            307     -31.277493
            308     -31.277493
            309     -31.277493
            310     -31.277493
            311     -31.277493
            312     -31.277493
            313     -31.277493
            314     -31.277493
            315     -31.277493
            316     -31.277493
            317     -31.277493
            318     -31.277493
            319     -31.277493
            320     -31.277493
            321     -31.277493
            322     -31.277493
            323     -31.277493
            324     -31.277493
            325     -31.277493
            326     -31.277493
            327     -31.277493
            328     -31.277493
            329     -31.277493
            330     -31.277493
            331     -31.277493
            332     -31.277493
            333     -31.277493
            334     -31.277493
            335     -31.277493
            336     -31.277493
            337     -31.277493
            338     -31.277493
            339     -31.277493
            340     -31.277493
            341     -31.277493
            342     -31.277493
            343     -31.277493
            344     -31.277493
            345     -31.277493
            346     -31.277493
            347     -31.277493
            348     -31.277493
            349     -31.277493
            350     -31.277493
            351     -31.277493
            352     -31.277493
            353     -31.277493
            354     -31.277493
            355     -31.277493
            356     -31.277493
            357     -31.277493
            358     -31.277493
            359     -31.277493
            360     -31.277493
            361     -31.277493
            362     -31.277493
            363     -31.277493
            364     -31.277493
            365     -31.277493
            366     -31.277493
            367     -31.277493
            368     -31.277493
            369     -31.277493
            370     -31.277493
            371     -31.277493
            372     -31.277493
            373     -31.277493
            374     -30.797343
            375     -27.046692
            376     -27.046692
            377     -27.046692
            378     -27.046692
            379     -27.046692
            380     -27.046692
            381     -27.046692
            382     -27.046692
            383     -27.046692
            384     -27.046692
            385     -27.046692
            386     -27.046692
            387     -26.890738
            388     -26.636920
            389     -26.636920
            390     -26.636920
            391     -27.240405
            392     -30.005959
            393     -30.005959
            394     -30.005959
            395     -30.005959
            396     -30.005959
            397     -30.005959
            398     -30.005959
            399     -30.005959
            400     -30.005959
            401     -30.005959
            402     -30.005959
            403     -30.005959
            404     -30.005959
            405     -30.005959
            406     -30.005959
            407     -30.005959
            408     -30.005959
            409     -30.005959
            410     -30.005959
            411     -30.005959
            412     -30.005959
            413     -30.005959
            414     -30.005959
            415     -30.005959
            416     -30.005959
            417     -30.005959
            418     -30.005959
            419     -29.989889
            420     -29.328146
            421     -29.328146
            422     -29.328146
            423     -29.328146
            424     -29.328146
            425     -29.328146
            426     -29.328146
            427     -29.328146
            428     -29.328146
            429     -29.328146
            430     -29.328146
            431     -29.328146
            432     -29.328146
            433     -29.328146
            434     -29.328146
            435     -29.328146
            436     -29.328146
            437     -29.328146
            438     -29.328146
            439     -29.328146
            440     -29.328146
            441     -29.328146
            442     -29.328146
            443     -29.328146
            444     -29.328146
            445     -29.328146
            446     -29.328146
            447     -29.328146
            448     -29.328146
            449     -29.328146
            450     -29.328146
            451     -29.328146
            452     -29.328146
            453     -29.328146
            454     -29.328146
            455     -29.328146
            456     -29.328146
            457     -29.328146
            458     -29.328146
            459     -29.328146
            460     -29.328146
            461     -29.328146
            462     -29.328146
            463     -29.328146
            464     -29.328146
            465     -29.328146
            466     -29.328146
            467     -29.328146
            468     -29.328146
            469     -29.328146
            470     -29.328146
            471     -29.328146
            472     -29.328146
            473     -29.328146
            474     -29.328146
            475     -29.328146
            476     -29.328146
            477     -29.328146
            478     -29.328146
            479     -29.328146
            480     -29.328146
            481     -29.328146
            482     -29.328146
            483     -29.328146
            484     -29.328146
            485     -29.328146
            486     -29.328146
            487     -29.328146
            488     -29.328146
            489     -29.328146
            490     -29.328146
            491     -29.328146
            492     -29.328146
            493     -29.328146
            494     -29.328146
            495     -29.328146
            496     -29.328146
            497     -29.328146
            498     -29.328146
            499     -29.328146
            500     -29.328146
