      Iteration         Energy
              1     0.70157085
              2     0.70155938
              3     0.67327635
              4     0.67509836
              5     0.66533854
              6     0.66491008
              7     0.66132212
              8     0.64890683
              9     0.62760311
             10     0.63041847
             11     0.63159041
             12     0.61614610
             13     0.60627462
             14     0.60698427
             15     0.61178768
             16     0.59981883
             17     0.59009049
             18     0.58515024
             19     0.58474423
             20     0.58325697
             21     0.57459587
             22     0.57774722
             23     0.57152057
             24     0.56462393
             25     0.55984854
             26     0.56097797
             27     0.55997052
             28     0.55704146
             29     0.54763764
             30     0.55040336
             31     0.55210174
             32     0.53763315
             33     0.54744078
             34     0.54111365
             35     0.54348537
             36     0.53655279
             37     0.53369609
             38     0.53189082
             39     0.53185128
             40     0.52870964
             41     0.53075221
             42     0.52233600
             43     0.52319517
             44     0.52389709
             45     0.52283636
             46     0.52111770
             47     0.52289315
             48     0.51361535
             49     0.51789995
             50     0.51328638
             51     0.51876075
             52     0.52243123
             53     0.51353398
             54     0.51397423
             55     0.51135248
             56     0.51212104
             57     0.50957353
             58     0.50704376
             59     0.51078263
             60     0.50570659
             61     0.50578871
             62     0.50305608
             63     0.50388130
             64     0.50330474
             65     0.50072003
             66     0.50139835
             67     0.50048808
             68     0.50173081
             69     0.50067369
             70     0.50274574
             71     0.50056383
             72     0.50089007
             73     0.49932268
             74     0.49671252
             75     0.49708256
             76     0.49488362
             77     0.49641048
             78     0.49579222
             79     0.49989191
             80     0.49638347
             81     0.49512884
             82     0.49462691
             83     0.49708487
             84     0.49693917
             85     0.49609604
             86     0.49458623
             87     0.49495864
             88     0.49238053
             89     0.49230522
             90     0.49169156
             91     0.49382372
             92     0.49193797
             93     0.49191726
             94     0.49315830
             95     0.49295244
             96     0.49020915
             97     0.49083091
             98     0.48996635
             99     0.48992727
            100     0.49144356
            101     0.49011070
            102     0.48949427
            103     0.49204963
            104     0.49051694
            105     0.49054097
            106     0.49035755
            107     0.49069079
            108     0.49180189
            109     0.48935200
            110     0.49045823
            111     0.48813245
            112     0.48962478
            113     0.48935450
            114     0.48939115
            115     0.48955117
            116     0.48994273
            117     0.48966373
            118     0.48894007
            119     0.48982943
            120     0.48895463
            121     0.48833142
            122     0.48950848
            123     0.48848660
            124     0.48826253
            125     0.48750908
            126     0.48783967
            127     0.48844971
            128     0.48731852
            129     0.48860724
            130     0.48880702
            131     0.48749286
            132     0.48818938
            133     0.48815506
            134     0.48839845
            135     0.48780114
            136     0.48699585
            137     0.48709168
            138     0.48825311
            139     0.48799396
            140     0.48766144
            141     0.48788408
            142     0.48679452
            143     0.48662765
            144     0.48724831
            145     0.48711825
            146     0.48745702
            147     0.48714459
            148     0.48773788
            149     0.48757832
            150     0.48599799
            151     0.48647981
            152     0.48750033
            153     0.48687925
            154     0.48743151
            155     0.48682535
            156     0.48774383
            157     0.48711209
            158     0.48684884
            159     0.48750537
            160     0.48720432
            161     0.48693242
            162     0.48734739
            163     0.48683574
            164     0.48683379
            165     0.48770489
            166     0.48644911
            167     0.48755670
            168     0.48679163
            169     0.48717520
            170     0.48663803
            171     0.48710858
            172     0.48659005
            173     0.48741660
            174     0.48692618
            175     0.48684332
            176     0.48734432
            177     0.48755720
            178     0.48687774
            179     0.48704116
            180     0.48692991
            181     0.48706758
            182     0.48639073
            183     0.48729589
            184     0.48683491
            185     0.48704287
            186     0.48670952
            187     0.48678903
            188     0.48640726
            189     0.48676464
            190     0.48669695
            191     0.48724048
            192     0.48686974
            193     0.48699024
            194     0.48683640
            195     0.48692955
            196     0.48670999
            197     0.48689226
            198     0.48707407
            199     0.48744651
            200     0.48705765
            201     0.48644046
            202     0.48672785
            203     0.48736044
            204     0.48648564
            205     0.48695743
            206     0.48692772
            207     0.48706960
            208     0.48695567
            209     0.48702988
            210     0.48703915
            211     0.48700496
            212     0.48666802
            213     0.48681924
            214     0.48651218
            215     0.48686517
            216     0.48681949
            217     0.48664880
            218     0.48713168
            219     0.48667551
            220     0.48682262
            221     0.48708070
            222     0.48710280
            223     0.48699688
            224     0.48685733
            225     0.48694483
            226     0.48711475
            227     0.48689524
            228     0.48686160
            229     0.48668394
            230     0.48691395
            231     0.48685477
            232     0.48715750
            233     0.48685816
            234     0.48708663
            235     0.48674659
            236     0.48687863
            237     0.48710028
            238     0.48685460
            239     0.48703713
            240     0.48701875
            241     0.48698478
            242     0.48677944
            243     0.48684169
            244     0.48675360
            245     0.48710185
            246     0.48683237
            247     0.48685745
            248     0.48684480
            249     0.48706192
            250     0.48684964
            251     0.48675928
            252     0.48702486
            253     0.48700556
            254     0.48695901
            255     0.48692618
            256     0.48682927
            257     0.48677331
            258     0.48705807
            259     0.48699473
            260     0.48710697
            261     0.48684833
            262     0.48709019
            263     0.48704908
            264     0.48720758
            265     0.48707367
            266     0.48693248
            267     0.48683886
            268     0.48694966
            269     0.48695186
            270     0.48686837
            271     0.48699267
            272     0.48702399
            273     0.48691809
            274     0.48711842
            275     0.48678487
            276     0.48700305
            277     0.48695382
            278     0.48690330
            279     0.48702363
            280     0.48707987
            281     0.48701088
            282     0.48699096
            283     0.48711380
            284     0.48700825
            285     0.48705106
            286     0.48704101
            287     0.48707142
            288     0.48708517
            289     0.48697467
            290     0.48694080
            291     0.48685475
            292     0.48699291
            293     0.48695588
            294     0.48705773
            295     0.48716430
            296     0.48696693
            297     0.48697830
            298     0.48693515
            299     0.48701100
            300     0.48685325
            301     0.48693480
            302     0.48703557
            303     0.48714302
            304     0.48717442
            305     0.48714887
            306     0.48702340
            307     0.48707117
            308     0.48687394
            309     0.48694406
            310     0.48702244
            311     0.48703151
            312     0.48697310
            313     0.48702085
            314     0.48708236
            315     0.48694336
            316     0.48697679
            317     0.48718976
            318     0.48706980
            319     0.48702540
            320     0.48716899
            321     0.48694596
            322     0.48724873
            323     0.48715842
            324     0.48708949
            325     0.48709837
            326     0.48726356
            327     0.48713137
            328     0.48699563
            329     0.48701280
            330     0.48704216
            331     0.48710869
            332     0.48718841
            333     0.48701130
            334     0.48711799
            335     0.48689479
            336     0.48693980
            337     0.48709467
            338     0.48713072
            339     0.48710158
            340     0.48707604
            341     0.48696483
            342     0.48707464
            343     0.48701782
            344     0.48711612
            345     0.48707460
            346     0.48703897
            347     0.48710704
            348     0.48706216
            349     0.48709787
            350     0.48701899
            351     0.48721463
            352     0.48705115
            353     0.48714749
            354     0.48700774
            355     0.48702769
            356     0.48713475
            357     0.48701335
            358     0.48710997
            359     0.48701918
            360     0.48713204
            361     0.48706850
            362     0.48713753
            363     0.48709215
            364     0.48727948
            365     0.48709140
            366     0.48721970
            367     0.48713513
            368     0.48715449
            369     0.48703099
            370     0.48708046
            371     0.48714343
            372     0.48712058
            373     0.48714318
            374     0.48716129
            375     0.48696644
            376     0.48723346
            377     0.48707945
            378     0.48715492
            379     0.48714709
            380     0.48712353
            381     0.48714536
            382     0.48708694
            383     0.48725162
            384     0.48714132
            385     0.48715635
            386     0.48718509
            387     0.48716931
            388     0.48717029
            389     0.48702453
            390     0.48703452
            391     0.48702448
            392     0.48717127
            393     0.48715010
            394     0.48703142
            395     0.48717879
            396     0.48718347
            397     0.48706830
            398     0.48718697
            399     0.48710646
            400     0.48718747
            401     0.48715909
            402     0.48710799
            403     0.48718650
            404     0.48720730
            405     0.48720769
            406     0.48712554
            407     0.48723143
            408     0.48706651
            409     0.48707029
            410     0.48708486
            411     0.48710029
            412     0.48717965
            413     0.48720083
            414     0.48723104
            415     0.48712602
            416     0.48705156
            417     0.48717555
            418     0.48708166
            419     0.48716828
            420     0.48719477
            421     0.48708259
            422     0.48723768
            423     0.48722540
            424     0.48703308
            425     0.48710061
            426     0.48719538
            427     0.48718343
            428     0.48711448
            429     0.48712587
            430     0.48708364
            431     0.48721007
            432     0.48710035
            433     0.48718353
            434     0.48718047
            435     0.48725892
            436     0.48709294
            437     0.48711857
            438     0.48723780
            439     0.48715299
            440     0.48717900
            441     0.48711223
            442     0.48720896
            443     0.48715215
            444     0.48720065
            445     0.48715845
            446     0.48714738
            447     0.48717642
            448     0.48713971
            449     0.48700400
            450     0.48714056
            451     0.48706503
            452     0.48719861
            453     0.48719967
            454     0.48712150
            455     0.48704112
            456     0.48727498
            457     0.48723046
            458     0.48731164
            459     0.48721698
            460     0.48724967
            461     0.48711125
            462     0.48720635
            463     0.48736601
            464     0.48709175
            465     0.48712686
            466     0.48715830
            467     0.48710972
            468     0.48724169
            469     0.48721707
            470     0.48719382
            471     0.48717534
            472     0.48718662
            473     0.48714457
            474     0.48728256
            475     0.48712778
            476     0.48725330
            477     0.48727290
            478     0.48719482
            479     0.48710582
            480     0.48707317
            481     0.48720869
            482     0.48725210
            483     0.48727397
            484     0.48727972
            485     0.48719018
            486     0.48714168
            487     0.48723290
            488     0.48720210
            489     0.48722950
            490     0.48714944
            491     0.48723180
            492     0.48716820
            493     0.48726921
            494     0.48717466
            495     0.48736854
            496     0.48740085
            497     0.48735175
            498     0.48718429
            499     0.48719379
            500     0.48716434
