      Iteration         Energy           Time
              1      4.1064455      127.51656
              2      4.0384957      119.42330
              3      3.9822221      122.41988
              4      3.9290383      130.40002
              5      3.8661453      133.03485
              6      3.8332596      142.11755
              7      3.7907737      143.48806
              8      3.7435125      142.72894
              9      3.7127986      133.98659
             10      3.6739414      114.02955
             11      3.6424679      124.27788
             12      3.6168965      114.03158
             13      3.5990771      126.46310
             14      3.5695061      131.22155
             15      3.5516832      125.18029
             16      3.5337433      132.50791
             17      3.5026860      134.69462
             18      3.4879786      129.56424
             19      3.4813980      112.56607
             20      3.4555326      108.73188
             21      3.4465690      111.62291
             22      3.4326539      100.46301
             23      3.4232258      99.678769
             24      3.4101296      110.31937
             25      3.3980684      117.89261
             26      3.3840074      104.86616
             27      3.3794916      110.29673
             28      3.3660298      122.54055
             29      3.3597168      139.05149
             30      3.3459690      148.77475
             31      3.3497022      138.83152
             32      3.3373810      146.08542
             33      3.3334380      140.17694
             34      3.3195234      131.96070
             35      3.3136797      130.63769
             36      3.3145310      150.25820
             37      3.3039140      146.96273
             38      3.3018953      131.34920
             39      3.2957684      136.16145
             40      3.2927805      138.40247
             41      3.2821175      128.87905
             42      3.2827551      113.17510
             43      3.2747148      125.00634
             44      3.2767206      134.13046
             45      3.2644314      136.13297
             46      3.2698751      139.22154
             47      3.2621471      142.82155
             48      3.2573857      138.90497
             49      3.2576109      131.72755
             50      3.2551244      115.72578
             51      3.2476132      137.16529
             52      3.2509798      126.75801
             53      3.2497369      127.47499
             54      3.2399268      133.24747
             55      3.2413544      146.11740
             56      3.2375052      141.45340
             57      3.2349888      137.31862
             58      3.2317262      137.12743
             59      3.2352965      142.03585
             60      3.2302003      144.94281
             61      3.2232492      135.43838
             62      3.2270430      135.94519
             63      3.2278357      132.86795
             64      3.2187467      158.58173
             65      3.2221300      135.24128
             66      3.2161804      124.53722
             67      3.2183631      128.06003
             68      3.2139268      136.84783
             69      3.2110674      131.51879
             70      3.2122575      154.87519
             71      3.2109978      139.22404
             72      3.2128353      127.09892
             73      3.2142022      134.10630
             74      3.2065573      115.44746
             75      3.2082722      109.65545
             76      3.2133535      119.77904
             77      3.2055561      141.54817
             78      3.2047141      142.99101
             79      3.2022137      139.90869
             80      3.2045063      131.18744
             81      3.1993264      141.63203
             82      3.1990455      135.89078
             83      3.2037958      126.99438
             84      3.2003501      115.49889
             85      3.1967380      135.16987
             86      3.2035474      113.87005
             87      3.1992487      124.73062
             88      3.2042183      121.69497
             89      3.1970653      129.19377
             90      3.1940168      129.42778
             91      3.1967010      141.55008
             92      3.1971634      135.07134
             93      3.1989140      126.13219
             94      3.1952742      139.77391
             95      3.1985809      142.88296
             96      3.1952819      124.31803
             97      3.1891406      144.00807
             98      3.1924259      144.41093
             99      3.1934241      119.97218
            100      3.1937605      130.91240
            101      3.1934177      121.12775
            102      3.1866265      101.87569
            103      3.1957546      104.70209
            104      3.1892284      108.47345
            105      3.1898968      130.21837
            106      3.2004746      129.25022
            107      3.1912709      128.65173
            108      3.1921941      138.03597
            109      3.1863898      146.63880
            110      3.1845117      126.29967
            111      3.1918004      114.79706
            112      3.1895734      102.51545
            113      3.1852938      111.05187
            114      3.1845018      138.52085
            115      3.1887648      138.54709
            116      3.1867570      130.42593
            117      3.1860460      124.07192
            118      3.1869224      109.55491
            119      3.1859790      121.07309
            120      3.1862478      121.36759
            121      3.1855395      119.19685
            122      3.1890437      133.63380
            123      3.1869396      135.05479
            124      3.1852872      128.58647
            125      3.1892615      139.02618
            126      3.1870608      138.75800
            127      3.1844128      140.74335
            128      3.1863560      151.59948
            129      3.1834914      141.46933
            130      3.1838533      146.68422
            131      3.1926498      159.92254
            132      3.1861480      148.19576
            133      3.1845681      157.36700
            134      3.1854149      142.99014
            135      3.1815852      127.62766
            136      3.1847870      122.98863
            137      3.1802198      125.81121
            138      3.1823749      142.55234
            139      3.1851587      136.31985
            140      3.1846659      118.79532
            141      3.1843094      131.72470
            142      3.1822561      131.85975
            143      3.1829929      119.52742
            144      3.1856419      123.29504
            145      3.1812278      124.73815
            146      3.1828595      134.19561
            147      3.1779451      126.30004
            148      3.1849264      121.37633
            149      3.1813244      134.73084
            150      3.1805920      135.21896
            151      3.1829840      144.01401
            152      3.1813230      144.47409
            153      3.1809821      144.99613
            154      3.1854727      142.19444
            155      3.1845615      143.19485
            156      3.1769806      116.70858
            157      3.1834931      117.25839
            158      3.1815399      119.07416
            159      3.1834626      141.85345
            160      3.1789111      128.95377
            161      3.1822172      105.13453
            162      3.1839892      119.23123
            163      3.1811424      107.97495
            164      3.1760193      103.46189
            165      3.1819939      113.80606
            166      3.1733639      134.06991
            167      3.1845086      136.91279
            168      3.1787026      130.83269
            169      3.1793103      131.43570
            170      3.1794764      125.95862
            171      3.1766206      128.17328
            172      3.1769030      133.01636
            173      3.1772112      122.60701
            174      3.1789604      124.74189
            175      3.1788563      127.11576
            176      3.1797338      124.29045
            177      3.1766968      141.10380
            178      3.1747019      125.18067
            179      3.1796464      136.32793
            180      3.1784579      131.36165
            181      3.1816583      133.91055
            182      3.1718718      120.00986
            183      3.1786696      121.39488
            184      3.1790747      131.15354
            185      3.1755233      129.56734
            186      3.1817758      129.85807
            187      3.1764591      110.54659
            188      3.1775272      108.29822
            189      3.1760491      124.38167
            190      3.1791223      118.51682
            191      3.1795016      115.20677
            192      3.1760318      107.34625
            193      3.1786443      108.97101
            194      3.1778549      110.81165
            195      3.1753295      118.66917
            196      3.1746901      131.08949
            197      3.1768924      125.43125
            198      3.1780666      132.79449
            199      3.1776068      126.38955
            200      3.1759782      117.14569
            201      3.1736017      131.15429
            202      3.1725400      113.67336
            203      3.1732762      126.60059
            204      3.1759731      117.88512
            205      3.1713207      126.65725
            206      3.1732944      152.05136
            207      3.1734269      142.49780
            208      3.1752328      136.55369
            209      3.1728702      149.72996
            210      3.1718308      139.02951
            211      3.1745437      137.87048
            212      3.1752118      129.95077
            213      3.1759774      115.51569
            214      3.1757927      140.16343
            215      3.1752155      125.93017
            216      3.1765075      140.34424
            217      3.1757818      132.85802
            218      3.1724269      128.90940
            219      3.1728726      115.90533
            220      3.1726929      121.07793
            221      3.1738024      129.34343
            222      3.1708117      148.74206
            223      3.1704361      146.17366
            224      3.1722459      123.20625
            225      3.1744654      122.53418
            226      3.1734518      120.52115
            227      3.1740746      121.68278
            228      3.1725771      117.31973
            229      3.1721482      117.53802
            230      3.1727473      121.03282
            231      3.1712503      118.94752
            232      3.1696538      116.15181
            233      3.1720259      119.58717
            234      3.1723383      136.04056
            235      3.1791598      144.47119
            236      3.1708611      127.18266
            237      3.1686003      142.73123
            238      3.1711055      140.92153
            239      3.1745767      131.79621
            240      3.1726905      136.88418
            241      3.1738581      130.49198
            242      3.1713671      120.44128
            243      3.1670097      138.11716
            244      3.1723118      130.29733
            245      3.1733332      128.61180
            246      3.1702288      136.49713
            247      3.1708907      134.31250
            248      3.1672274      138.22703
            249      3.1705618      148.09417
            250      3.1660432      145.02925
            251      3.1684290      138.93626
            252      3.1655365      128.84982
            253      3.1715915      131.84963
            254      3.1698186      138.77855
            255      3.1682547      120.58204
            256      3.1684693      139.64876
            257      3.1710085      147.66414
            258      3.1646294      147.53744
            259      3.1710799      139.51974
            260      3.1664554      127.80086
            261      3.1692080      146.37649
            262      3.1665472      129.87690
            263      3.1702575      127.57941
            264      3.1720569      132.81129
            265      3.1690784      143.42994
            266      3.1707139      128.24964
            267      3.1652482      135.42274
            268      3.1683408      141.82871
            269      3.1667462      131.47567
            270      3.1723916      123.60863
            271      3.1699715      124.62304
            272      3.1706423      133.74880
            273      3.1703646      130.81797
            274      3.1673021      129.11561
            275      3.1705050      121.84544
            276      3.1668771      125.84515
            277      3.1673175      128.19710
            278      3.1694550      129.74334
            279      3.1642893      128.30608
            280      3.1725986      123.62285
            281      3.1650606      111.86024
            282      3.1675222      117.02565
            283      3.1677862      117.26437
            284      3.1678446      116.94851
            285      3.1639405      129.64688
            286      3.1694225      134.28174
            287      3.1648872      131.28771
            288      3.1641860      118.31055
            289      3.1644194      113.66761
            290      3.1706002      127.19311
            291      3.1673125      127.98389
            292      3.1691796      124.66820
            293      3.1701603      122.06897
            294      3.1668973      130.78500
            295      3.1637533      132.19652
            296      3.1636782      135.99302
            297      3.1671045      141.12812
            298      3.1676322      142.86590
            299      3.1598408      148.22577
            300      3.1611243      145.87192
            301      3.1628974      158.29374
            302      3.1645377      162.45725
            303      3.1643770      152.03917
            304      3.1670111      149.93744
            305      3.1648548      166.67579
            306      3.1627878      163.77882
            307      3.1645887      138.55212
            308      3.1636088      145.25618
            309      3.1633888      140.45589
            310      3.1671668      151.95999
            311      3.1642496      140.44489
            312      3.1627932      133.72031
            313      3.1632618      149.64663
            314      3.1671990      149.80222
            315      3.1642166      129.13413
            316      3.1629360      123.35246
            317      3.1666949      110.89787
            318      3.1597691      112.82713
            319      3.1676639      120.57611
            320      3.1627743      128.82995
            321      3.1658213      128.68696
            322      3.1609086      132.64142
            323      3.1631040      124.33866
            324      3.1642050      124.12678
            325      3.1586549      117.08789
            326      3.1617100      119.95632
            327      3.1603718      124.18733
            328      3.1641823      127.30600
            329      3.1580425      115.68557
            330      3.1615381      124.20380
            331      3.1609786      132.28574
            332      3.1613239      131.76565
            333      3.1623937      134.48196
            334      3.1578066      119.14659
            335      3.1628076      126.77714
            336      3.1559975      120.50308
            337      3.1619367      130.01327
            338      3.1609061      136.43331
            339      3.1597165      146.45066
            340      3.1592793      128.56808
            341      3.1615746      133.40576
            342      3.1602529      118.89528
            343      3.1597503      119.95036
            344      3.1610177      95.556991
            345      3.1607332      109.25258
            346      3.1597693      137.33362
            347      3.1602054      142.77776
            348      3.1568906      134.98516
            349      3.1573591      130.30323
            350      3.1542155      135.49937
            351      3.1563002      117.25866
            352      3.1582439      140.49527
            353      3.1593145      160.02038
            354      3.1577564      156.69025
            355      3.1619694      132.47106
            356      3.1560637      125.69513
            357      3.1599937      135.51001
            358      3.1569528      113.57807
            359      3.1549140      106.43405
            360      3.1555443      103.03465
            361      3.1572954      101.58368
            362      3.1559509      132.97603
            363      3.1523850      138.57071
            364      3.1549709      131.94224
            365      3.1589065      127.71088
            366      3.1568690      133.10113
            367      3.1583614      127.88128
            368      3.1548941      130.45611
            369      3.1590593      144.31102
            370      3.1575749      138.66276
            371      3.1518198      139.32595
            372      3.1592431      118.33341
            373      3.1574376      115.11192
            374      3.1516979      128.64076
            375      3.1554018      142.05477
            376      3.1585319      125.97122
            377      3.1581230      129.43165
            378      3.1513693      148.35992
            379      3.1531115      130.13259
            380      3.1575271      147.68582
            381      3.1589128      137.44008
            382      3.1546711      138.28710
            383      3.1508925      122.14808
            384      3.1538403      112.23249
            385      3.1566017      110.25308
            386      3.1517188      115.72397
            387      3.1568938      120.03362
            388      3.1501266      126.33783
            389      3.1537347      120.11719
            390      3.1547926      133.13282
            391      3.1558721      141.03349
            392      3.1486083      131.02542
            393      3.1534038      137.43792
            394      3.1518852      133.94982
            395      3.1505590      139.76170
            396      3.1511265      129.35371
            397      3.1507105      141.39808
            398      3.1508563      149.00254
            399      3.1541621      154.57887
            400      3.1528038      156.23341
            401      3.1511975      133.06547
            402      3.1532555      127.53189
            403      3.1521764      117.13675
            404      3.1523792      134.13385
            405      3.1498603      135.69378
            406      3.1501454      150.70630
            407      3.1493735      141.46496
            408      3.1520778      129.50623
            409      3.1512703      144.19466
            410      3.1583299      146.89642
            411      3.1561694      149.79989
            412      3.1476129      135.03466
            413      3.1490145      123.27368
            414      3.1528234      119.94809
            415      3.1488424      122.81081
            416      3.1465583      131.10190
            417      3.1512382      113.77229
            418      3.1480333      121.45331
            419      3.1481400      114.77184
            420      3.1496825      122.98176
            421      3.1476695      112.07418
            422      3.1460614      138.44365
            423      3.1461964      136.07696
            424      3.1481975      109.59734
            425      3.1468768      110.14602
            426      3.1496097      117.56273
            427      3.1482391      117.74303
            428      3.1499641      121.51098
            429      3.1447487      123.89542
            430      3.1463485      137.80460
            431      3.1453512      132.43691
            432      3.1502016      125.88702
            433      3.1451388      139.89133
            434      3.1462133      145.23872
            435      3.1474153      140.03956
            436      3.1424753      144.17274
            437      3.1477421      142.22193
            438      3.1527098      135.60128
            439      3.1480185      139.16305
            440      3.1454984      136.37431
            441      3.1481743      137.04159
            442      3.1443550      129.98057
            443      3.1435819      131.93762
            444      3.1486237      126.15944
            445      3.1454483      126.61435
            446      3.1472158      136.14415
            447      3.1456617      133.43135
            448      3.1466801      120.37726
            449      3.1461378      113.73263
            450      3.1476165      123.80848
            451      3.1474357      119.76805
            452      3.1446525      126.22238
            453      3.1465963      116.17149
            454      3.1427754      122.09652
            455      3.1419213      109.35281
            456      3.1479856      111.93593
            457      3.1451466      138.55917
            458      3.1426472      132.33472
            459      3.1433773      118.01828
            460      3.1449163      123.71574
            461      3.1450133      138.66196
            462      3.1420561      129.88370
            463      3.1456613      125.11953
            464      3.1416560      122.67570
            465      3.1416224      132.86518
            466      3.1410843      161.17933
            467      3.1433115      158.31690
            468      3.1418746      147.42070
            469      3.1459002      149.11872
            470      3.1395867      143.11018
            471      3.1430834      135.77467
            472      3.1411260      132.06375
            473      3.1413783      137.00177
            474      3.1419563      120.29689
            475      3.1414639      118.97247
            476      3.1366773      131.26077
            477      3.1405934      137.19415
            478      3.1443474      137.37728
            479      3.1374791      134.75501
            480      3.1418226      143.58474
            481      3.1420486      136.10167
            482      3.1355556      132.65673
            483      3.1419547      146.74609
            484      3.1396917      123.28296
            485      3.1398009      136.89484
            486      3.1440838      149.86132
            487      3.1381180      148.92152
            488      3.1365448      136.36881
            489      3.1394591      128.09652
            490      3.1368682      149.78662
            491      3.1378477      153.09704
            492      3.1367356      152.00208
            493      3.1405727      144.99278
            494      3.1405034      134.24152
            495      3.1353952      124.12451
            496      3.1430264      133.02168
            497      3.1402311      130.66875
            498      3.1307955      126.53821
            499      3.1375388      136.37239
            500      3.1368770      127.34460
