         Energy
      209.92379
      209.76345
      209.74300
      209.64523
      209.62851
      209.69380
      209.72093
      209.74127
      209.77912
      209.82261
      209.85576
      209.87774
      209.89634
      209.90958
      209.91293
      209.92130
      209.92869
      209.91982
      209.91084
      209.90276
      209.88277
      209.86460
      209.84801
      209.83846
      209.82968
      209.83379
      209.83759
      209.84158
      209.84888
      209.85568
      209.86205
      209.87569
      209.88656
      209.89680
      209.90599
      209.91940
      209.93209
      209.93701
      209.93028
      209.93513
      209.93689
      209.93856
      209.94015
      209.94914
      209.95773
      209.96594
      209.98164
      209.99747
      210.01307
      210.03111
      210.04722
      210.06318
      210.08878
      210.12038
      210.14749
      210.17362
      210.20110
      210.22783
      210.25443
      210.28302
      210.30523
      210.32672
      210.35095
      210.37472
      210.39775
      210.42033
      210.44232
      210.46366
      210.48374
      210.50326
      210.52223
      210.54129
      210.55983
      210.57787
      210.59734
      210.61922
      210.64077
      210.66176
      210.67929
      210.69641
      210.71311
      210.72940
      210.74530
      210.76930
      210.79068
      210.81731
      210.84332
      210.86874
      210.89359
      210.92066
      210.94655
      210.97187
      210.99664
      211.01615
      211.03505
      211.05356
      211.07169
      211.09083
      211.10708
      211.12189
      211.13783
      211.15247
      211.16683
      211.18049
      211.19240
      211.20542
      211.21820
      211.23251
      211.24656
      211.26245
      211.27805
      211.29337
      211.31039
      211.32711
      211.34318
      211.36016
      211.37684
      211.39325
      211.40937
      211.42523
      211.44200
      211.45849
      211.47471
      211.48936
      211.51055
      211.53141
      211.55241
      211.57854
      211.61075
      211.64094
      211.67464
      211.70784
      211.74012
      211.77193
      211.80326
      211.83424
      211.86578
      211.89801
      211.93264
      211.96605
      211.99922
      212.03193
      212.06417
      212.10172
      212.13873
      212.17523
      212.21123
      212.24674
      212.28248
      212.32183
      212.36076
      212.40079
      212.44030
      212.48281
      212.52558
      212.56834
      212.61180
      212.65479
      212.69766
      212.74377
      212.79014
      212.83629
      212.88188
      212.92509
      212.96778
      213.00833
      213.04677
      213.08620
      213.12626
      213.16867
      213.21513
      213.26105
      213.30689
      213.35332
      213.39997
      213.44580
      213.49026
      213.53423
      213.57550
      213.61631
      213.65687
      213.69604
      213.73768
      213.77909
      213.81993
      213.85970
      213.89911
      213.93810
      213.97946
      214.02076
      214.06355
      214.10700
      214.15225
      214.19779
      214.24141
      214.28459
      214.32910
      214.37317
      214.41748
      214.46341
      214.50907
      214.55368
      214.59785
      214.63951
      214.68062
      214.72132
      214.76163
      214.80156
      214.84110
      214.88202
      214.92408
      214.96636
      215.00880
      215.05102
      215.09313
      215.13486
      215.17637
      215.21911
      215.26264
      215.30577
      215.34931
      215.39245
      215.43405
      215.47599
      215.51755
      215.55874
      215.60121
      215.64331
      215.68574
      215.72781
      215.76722
      215.80626
      215.84719
      215.88777
      215.92801
      215.96852
      216.00787
      216.04703
      216.08668
      216.12600
      216.16504
      216.20333
      216.24332
      216.28300
      216.32450
      216.36567
      216.40650
      216.44700
      216.48747
      216.52812
      216.56765
      216.60700
      216.64603
      216.68247
      216.71790
      216.75305
      216.78793
      216.82362
      216.85865
      216.89341
      216.92790
      216.96212
      216.99707
      217.03206
      217.06669
      217.10105
      217.13626
      217.17184
      217.20715
      217.24241
      217.27612
      217.30884
      217.34177
      217.37572
      217.40942
      217.44287
      217.47648
      217.51037
      217.54365
      217.57669
      217.60949
      217.64145
      217.67324
      217.70481
      217.73557
      217.76747
      217.79850
      217.82931
      217.85991
      217.89030
      217.92040
      217.94972
      217.98060
      218.01087
      218.04094
      218.07137
      218.10427
      218.13633
      218.16817
      218.19979
      218.23078
      218.26125
      218.29153
      218.32062
      218.35012
      218.38016
      218.41001
      218.44082
      218.47142
      218.50193
      218.53160
      218.56108
      218.59110
      218.61936
      218.64739
      218.67524
      218.70264
      218.72910
      218.75622
      218.78418
      218.81224
      218.84012
      218.86639
      218.89262
      218.91867
      218.94492
      218.97208
      218.99940
      219.02597
      219.05239
      219.07864
      219.10516
      219.13138
      219.15724
      219.18290
      219.20803
      219.23276
      219.25812
      219.28320
      219.30827
      219.33318
      219.35736
      219.38139
      219.40470
      219.42684
      219.44886
      219.47077
      219.49249
      219.51469
      219.53677
      219.55883
      219.58057
      219.60336
      219.62582
      219.64814
      219.67055
      219.69283
      219.71421
      219.73590
      219.75747
      219.77866
      219.79986
      219.82095
      219.84192
      219.86251
      219.88300
      219.90337
      219.92435
      219.94583
      219.96656
      219.98719
      220.00833
      220.02919
      220.04999
      220.07036
      220.08998
      220.10862
      220.12690
      220.14474
      220.16249
      220.17962
      220.19650
      220.21446
      220.23232
      220.25058
      220.26838
      220.28615
      220.30324
      220.32024
      220.33689
      220.35321
      220.36938
      220.38529
      220.40115
      220.41674
      220.43201
      220.44883
      220.46533
      220.48327
      220.50177
      220.52017
      220.53867
      220.55709
      220.57606
      220.59580
      220.61667
      220.63887
      220.66096
      220.68381
      220.70676
      220.73076
      220.75536
      220.77984
      220.80346
      220.82907
      220.85455
      220.87991
      220.90513
      220.92996
      220.95485
      220.97962
      221.00341
      221.02709
      221.05005
      221.07290
      221.09640
      221.11978
      221.14313
      221.16641
      221.18993
      221.21335
      221.23723
      221.26099
      221.28420
      221.30922
      221.33412
      221.35856
      221.38288
      221.40708
      221.43053
      221.45423
      221.47878
      221.50358
      221.52827
      221.55310
      221.57818
      221.60311
      221.62778
      221.65236
      221.67682
      221.70117
      221.72541
      221.74952
      221.77484
      221.79880
      221.82278
      221.84683
      221.87151
      221.89604
      221.91984
      221.94374
      221.96766
      221.99149
      222.01430
      222.03701
      222.06109
      222.08404
      222.10690
      222.12966
      222.15251
      222.17506
      222.19737
      222.21959
      222.24186
      222.26405
      222.28562
      222.30710
      222.32907
      222.35095
      222.37236
      222.39356
      222.41470
      222.43576
      222.45679
      222.47759
      222.49819
      222.51871
      222.53914
      222.56042
      222.58245
      222.60440
      222.62576
      222.64750
      222.66946
      222.69145
      222.71335
      222.73360
      222.75377
      222.77341
      222.79313
      222.81277
      222.83241
      222.85226
      222.87213
      222.89192
      222.91137
      222.93140
      222.95151
      222.97155
      222.99221
      223.01279
      223.03320
      223.05305
      223.07283
      223.09252
      223.11215
      223.13183
      223.15134
      223.17079
      223.19098
      223.21110
      223.23098
      223.25079
      223.27052
      223.29045
      223.30971
      223.32892
      223.34808
      223.36688
      223.38560
      223.40380
      223.42207
      223.44027
      223.45827
      223.47632
      223.49403
      223.51181
      223.53010
      223.54802
      223.56589
      223.58368
      223.60205
      223.62035
      223.63773
      223.65550
      223.67323
      223.69090
      223.70850
      223.72576
      223.74295
      223.76008
      223.77756
      223.79566
      223.81390
      223.83182
      223.84899
      223.86636
      223.88376
      223.90109
      223.91837
      223.93548
      223.95324
      223.97061
      223.98792
      224.00571
      224.02343
      224.03979
      224.05609
      224.07272
      224.08945
      224.10674
      224.12398
      224.14105
      224.15785
      224.17425
      224.19036
      224.20641
      224.22210
      224.23797
      224.25342
      224.26876
      224.28396
      224.29947
      224.31492
      224.32907
      224.34347
      224.35867
      224.37308
      224.38744
      224.40175
      224.41569
      224.43005
      224.44450
      224.45891
      224.47318
      224.48742
      224.50157
      224.51504
      224.52852
      224.54217
      224.55577
      224.56933
      224.58345
      224.59793
      224.61151
      224.62505
      224.63944
      224.65389
      224.66822
      224.68251
      224.69675
      224.71173
      224.72648
      224.74121
      224.75589
      224.77052
      224.78476
      224.79896
      224.81352
      224.82784
      224.84212
      224.85635
      224.87053
      224.88466
      224.89927
      224.91292
      224.92652
      224.94036
      224.95416
      224.96784
      224.98166
      224.99601
      225.01063
      225.02501
      225.03974
      225.05442
      225.06944
      225.08442
      225.09948
      225.11449
      225.13014
      225.14574
      225.16140
      225.17661
      225.19176
      225.20687
      225.22199
      225.23706
      225.25208
      225.26726
      225.28232
      225.29734
      225.31219
      225.32699
      225.34155
      225.35581
      225.37016
      225.38447
      225.39862
      225.41289
      225.42711
      225.44091
      225.45436
      225.46776
      225.48129
      225.49487
      225.50851
      225.52161
      225.53493
      225.54822
      225.56137
      225.57449
      225.58821
      225.60190
      225.61549
      225.62924
      225.64294
      225.65677
      225.67012
      225.68394
      225.69772
      225.71154
      225.72551
      225.73939
      225.75260
      225.76619
      225.77974
      225.79324
      225.80668
      225.82007
      225.83345
      225.84684
      225.86027
      225.87352
      225.88608
      225.89859
      225.91100
      225.92332
      225.93537
      225.94758
      225.95976
      225.97190
      225.98489
      225.99796
      226.01091
      226.02397
      226.03773
      226.05097
      226.06418
      226.07692
      226.08894
      226.10093
      226.11248
      226.12400
      226.13548
      226.14694
      226.15832
      226.16967
      226.18142
      226.19354
      226.20615
      226.21907
      226.23252
      226.24592
      226.25899
      226.27200
      226.28486
      226.29769
      226.31048
      226.32359
      226.33667
      226.34971
      226.36226
      226.37595
      226.38964
      226.40410
      226.41863
      226.43337
      226.44803
      226.46265
      226.47723
      226.49178
      226.50626
      226.52199
      226.53762
      226.55339
      226.56937
      226.58686
      226.60438
      226.62186
      226.63933
      226.65603
      226.67269
      226.68951
      226.70629
      226.72365
      226.74109
      226.75849
      226.77584
      226.79315
      226.81066
      226.82813
      226.84555
      226.86369
      226.88178
      226.89983
      226.91783
      226.93564
      226.95313
      226.97073
      226.98813
      227.00535
      227.02230
      227.03948
      227.05661
      227.07371
      227.09075
      227.10828
      227.12578
      227.14407
      227.16277
      227.18183
      227.20104
      227.21966
      227.23823
      227.25681
      227.27534
      227.29399
      227.31292
      227.33192
      227.35110
      227.37000
      227.38898
      227.40772
      227.42603
      227.44429
      227.46266
      227.48125
      227.49980
      227.51884
      227.53788
      227.55567
      227.57306
      227.59044
      227.60778
      227.62619
      227.64442
      227.66298
      227.68149
      227.69984
      227.71815
      227.73657
      227.75494
      227.77326
      227.79154
      227.80993
      227.82921
      227.84845
      227.86753
      227.88656
      227.90555
      227.92449
      227.94339
      227.96178
      227.97980
      227.99754
      228.01529
      228.03342
      228.05149
      228.06946
      228.08686
      228.10418
      228.12097
      228.13772
      228.15440
      228.17103
      228.18763
      228.20456
      228.22145
      228.23841
      228.25519
      228.27192
      228.28862
      228.30527
      228.32181
      228.33789
      228.35393
      228.37056
      228.38650
      228.40240
      228.41849
      228.43474
      228.45107
      228.46737
      228.48313
      228.49891
      228.51373
      228.52839
      228.54293
      228.55683
      228.57071
      228.58449
      228.59896
      228.61337
      228.62778
      228.64216
      228.65650
      228.67081
      228.68477
      228.69887
      228.71310
      228.72692
      228.74092
      228.75482
      228.76909
      228.78332
      228.79754
      228.81175
      228.82546
      228.83914
      228.85303
      228.86681
      228.88074
      228.89445
      228.90911
      228.92402
      228.93930
      228.95450
      228.96966
      228.98467
      228.99898
      229.01341
      229.02727
      229.04110
      229.05507
      229.06878
      229.08247
      229.09613
      229.10937
      229.12265
      229.13591
      229.14913
      229.16224
      229.17519
      229.18762
      229.20003
      229.21162
      229.22303
      229.23422
      229.24533
      229.25631
      229.26707
      229.27782
      229.28857
      229.29930
      229.31001
      229.32070
      229.33137
      229.34201
      229.35272
      229.36338
      229.37402
      229.38464
      229.39511
      229.40555
      229.41627
      229.42697
      229.43781
      229.44859
      229.45953
      229.47044
      229.48141
      229.49269
      229.50394
      229.51535
      229.52662
      229.53787
      229.54912
      229.56034
      229.57218
      229.58395
      229.59546
      229.60693
      229.61861
      229.63053
      229.64228
      229.65314
      229.66419
      229.67522
      229.68598
      229.69673
      229.70747
      229.71709
      229.72670
      229.73659
      229.74641
      229.75558
      229.76473
      229.77437
      229.78398
      229.79358
      229.80317
      229.81264
      229.82201
      229.83151
      229.84078
      229.85003
      229.85956
      229.86950
      229.87942
      229.88926
      229.89909
      229.90931
      229.91937
      229.92952
      229.93964
      229.94974
      229.95994
      229.96938
      229.97875
      229.98811
      229.99745
      230.00662
      230.01606
      230.02504
      230.03401
      230.04290
      230.05178
      230.06073
      230.06972
      230.07870
      230.08748
      230.09622
      230.10495
      230.11361
      230.12226
      230.13145
      230.14100
      230.15027
      230.15948
      230.16867
      230.17772
      230.18675
      230.19601
      230.20495
      230.21387
      230.22286
      230.23176
      230.24032
      230.24886
      230.25785
      230.26692
      230.27602
      230.28509
      230.29415
      230.30317
      230.31217
      230.32114
      230.33010
      230.33906
      230.34786
      230.35662
      230.36544
      230.37437
