         Energy
      244.41357
      244.41357
      244.37994
      244.36089
      244.34946
      244.33937
      244.33774
      244.33651
      244.33556
      244.33480
      244.33975
      244.34388
      244.34737
      244.35410
      244.36131
      244.36739
      244.37387
      244.37963
      244.38479
      244.38943
      244.39275
      244.39631
      244.39973
      244.40228
      244.40463
      244.40749
      244.41103
      244.41323
      244.41617
      244.41883
      244.42161
      244.42357
      244.42540
      244.42714
      244.42880
      244.43070
      244.43250
      244.43400
      244.43531
      244.43853
      244.44159
      244.44451
      244.44729
      244.44994
      244.45249
      244.45493
      244.45745
      244.45902
      244.46043
      244.46179
      244.46345
      244.46510
      244.46654
      244.46809
      244.46959
      244.47115
      244.47267
      244.47316
      244.47330
      244.47344
      244.47357
      244.47362
      244.47371
      244.47433
      244.47529
      244.47623
      244.47713
      244.47817
      244.47921
      244.48048
      244.48171
      244.48251
      244.48342
      244.48398
      244.48518
      244.48631
      244.48758
      244.48867
      244.48959
      244.49048
      244.49139
      244.49243
      244.49321
      244.49402
      244.49488
      244.49572
      244.49655
      244.49682
      244.49683
      244.49678
      244.49674
      244.49670
      244.49666
      244.49667
      244.49653
      244.49631
      244.49610
      244.49590
      244.49533
      244.49499
      244.49431
      244.49355
      244.49308
      244.49262
      244.49217
      244.49173
      244.49129
      244.49082
      244.49016
      244.48951
      244.48888
      244.48830
      244.48842
      244.48866
      244.48889
      244.48911
      244.48948
      244.48990
      244.48999
      244.48961
      244.48824
      244.48687
      244.48532
      244.48382
      244.48235
      244.48091
      244.47955
      244.47815
      244.47679
      244.47558
      244.47438
      244.47320
      244.47197
      244.47100
      244.47004
      244.46908
      244.46813
      244.46720
      244.46694
      244.46706
      244.46692
      244.46692
      244.46696
      244.46760
      244.46823
      244.46887
      244.46942
      244.46995
      244.47042
      244.47086
      244.47122
      244.47158
      244.47197
      244.47235
      244.47273
      244.47310
      244.47347
      244.47383
      244.47409
      244.47440
      244.47488
      244.47537
      244.47586
      244.47635
      244.47705
      244.47778
      244.47848
      244.47917
      244.47975
      244.48023
      244.48074
      244.48118
      244.48162
      244.48227
      244.48291
      244.48349
      244.48410
      244.48473
      244.48527
      244.48580
      244.48633
      244.48686
      244.48739
      244.48791
      244.48836
      244.48894
      244.48961
      244.49020
      244.49077
      244.49134
      244.49190
      244.49206
      244.49200
      244.49193
      244.49194
      244.49193
      244.49196
      244.49199
      244.49204
      244.49214
      244.49224
      244.49239
      244.49238
      244.49237
      244.49245
      244.49225
      244.49188
      244.49160
      244.49133
      244.49108
      244.49084
      244.49065
      244.49047
      244.49032
      244.49018
      244.49017
      244.49003
      244.48989
      244.48980
      244.48971
      244.48962
      244.48952
      244.48944
      244.48929
      244.48918
      244.48922
      244.48933
      244.48930
      244.48920
      244.48926
      244.48933
      244.48946
      244.48959
      244.48934
      244.48909
      244.48891
      244.48872
      244.48852
      244.48819
      244.48787
      244.48776
      244.48766
      244.48752
      244.48737
      244.48724
      244.48719
      244.48715
      244.48711
      244.48706
      244.48704
      244.48701
      244.48694
      244.48688
      244.48674
      244.48660
      244.48668
      244.48676
      244.48684
      244.48685
      244.48697
      244.48710
      244.48723
      244.48732
      244.48742
      244.48732
      244.48720
      244.48709
      244.48687
      244.48666
      244.48651
      244.48639
      244.48628
      244.48617
      244.48606
      244.48595
      244.48584
      244.48573
      244.48563
      244.48557
      244.48545
      244.48532
      244.48520
      244.48511
      244.48503
      244.48494
      244.48495
      244.48496
      244.48498
      244.48501
      244.48502
      244.48533
      244.48563
      244.48619
      244.48682
      244.48745
      244.48804
      244.48863
      244.48921
      244.48969
      244.49018
      244.49066
      244.49115
      244.49164
      244.49212
      244.49260
      244.49315
      244.49371
      244.49440
      244.49510
      244.49571
      244.49630
      244.49697
      244.49764
      244.49825
      244.49885
      244.49942
      244.50000
      244.50051
      244.50090
      244.50138
      244.50187
      244.50242
      244.50297
      244.50352
      244.50403
      244.50446
      244.50488
      244.50539
      244.50590
      244.50642
      244.50693
      244.50741
      244.50784
      244.50826
      244.50868
      244.50909
      244.50950
      244.50989
      244.51029
      244.51065
      244.51100
      244.51124
      244.51147
      244.51167
      244.51186
      244.51204
      244.51225
      244.51246
      244.51270
      244.51293
      244.51310
      244.51326
      244.51337
      244.51347
      244.51358
      244.51345
      244.51338
      244.51331
      244.51319
      244.51309
      244.51290
      244.51271
      244.51237
      244.51203
      244.51169
      244.51135
      244.51096
      244.51057
      244.51019
      244.50977
      244.50935
      244.50889
      244.50847
      244.50805
      244.50764
      244.50734
      244.50703
      244.50673
      244.50645
      244.50616
      244.50588
      244.50536
      244.50486
      244.50433
      244.50379
      244.50323
      244.50259
      244.50195
      244.50131
      244.50068
      244.50004
      244.49941
      244.49878
      244.49814
      244.49751
      244.49689
      244.49629
      244.49570
      244.49512
      244.49474
      244.49433
      244.49392
      244.49352
      244.49320
      244.49288
      244.49256
      244.49222
      244.49207
      244.49185
      244.49169
      244.49154
      244.49138
      244.49123
      244.49104
      244.49085
      244.49071
      244.49053
      244.49036
      244.49021
      244.49005
      244.48989
      244.48975
      244.48957
      244.48945
      244.48931
      244.48918
      244.48910
      244.48895
      244.48879
      244.48863
      244.48847
      244.48831
      244.48823
      244.48805
      244.48789
      244.48775
      244.48764
      244.48780
      244.48797
      244.48813
      244.48830
      244.48858
      244.48887
      244.48917
      244.48938
      244.48958
      244.48984
      244.49010
      244.49036
      244.49062
      244.49091
      244.49124
      244.49156
      244.49188
      244.49227
      244.49278
      244.49325
      244.49370
      244.49416
      244.49463
      244.49509
      244.49555
      244.49601
      244.49643
      244.49684
      244.49726
      244.49767
      244.49808
      244.49845
      244.49880
      244.49915
      244.49950
      244.49983
      244.50012
      244.50041
      244.50069
      244.50097
      244.50127
      244.50158
      244.50187
      244.50207
      244.50228
      244.50249
      244.50272
      244.50295
      244.50314
      244.50333
      244.50351
      244.50371
      244.50391
      244.50412
      244.50434
      244.50456
      244.50483
      244.50509
      244.50536
      244.50563
      244.50590
      244.50615
      244.50645
      244.50679
      244.50713
      244.50748
      244.50782
      244.50818
      244.50839
      244.50863
      244.50888
      244.50916
      244.50940
      244.50965
      244.50990
      244.51015
      244.51040
      244.51065
      244.51089
      244.51116
      244.51138
      244.51160
      244.51182
      244.51203
      244.51226
      244.51250
      244.51276
      244.51302
      244.51326
      244.51350
      244.51371
      244.51392
      244.51413
      244.51434
      244.51455
      244.51475
      244.51495
      244.51515
      244.51532
      244.51548
      244.51564
      244.51584
      244.51624
      244.51664
      244.51705
      244.51744
      244.51783
      244.51826
      244.51867
      244.51908
      244.51943
      244.51978
      244.52014
      244.52050
      244.52085
      244.52120
      244.52154
      244.52188
      244.52216
      244.52241
      244.52270
      244.52298
      244.52325
      244.52354
      244.52383
      244.52408
      244.52434
      244.52459
      244.52479
      244.52498
      244.52518
      244.52537
      244.52557
      244.52573
      244.52589
      244.52604
      244.52620
      244.52644
      244.52672
      244.52700
      244.52727
      244.52754
      244.52779
      244.52806
      244.52831
      244.52856
      244.52881
      244.52899
      244.52921
      244.52947
      244.52973
      244.53001
      244.53029
      244.53057
      244.53089
      244.53120
      244.53151
      244.53181
      244.53211
      244.53247
      244.53280
      244.53313
      244.53343
      244.53372
      244.53394
      244.53416
      244.53435
      244.53481
      244.53527
      244.53567
      244.53607
      244.53646
      244.53686
      244.53727
      244.53765
      244.53803
      244.53841
      244.53880
      244.53915
      244.53947
      244.53978
      244.54007
      244.54049
      244.54090
      244.54130
      244.54172
      244.54216
      244.54261
      244.54309
      244.54357
      244.54405
      244.54455
      244.54504
      244.54553
      244.54601
      244.54649
      244.54696
      244.54741
      244.54787
      244.54841
      244.54894
      244.54949
      244.54997
      244.55045
      244.55092
      244.55140
      244.55187
      244.55234
      244.55280
      244.55327
      244.55386
      244.55445
      244.55504
      244.55562
      244.55621
      244.55682
      244.55742
      244.55804
      244.55868
      244.55932
      244.56005
      244.56070
      244.56136
      244.56201
      244.56265
      244.56333
      244.56398
      244.56463
      244.56528
      244.56594
      244.56659
      244.56724
      244.56788
      244.56852
      244.56917
      244.56979
      244.57040
      244.57101
      244.57161
      244.57221
      244.57281
      244.57343
      244.57405
      244.57467
      244.57528
      244.57585
      244.57641
      244.57697
      244.57749
      244.57804
      244.57866
      244.57928
      244.57992
      244.58057
      244.58121
      244.58184
      244.58256
      244.58329
      244.58403
      244.58470
      244.58537
      244.58603
      244.58671
      244.58739
      244.58806
      244.58871
      244.58938
      244.59004
      244.59069
      244.59133
      244.59195
      244.59257
      244.59317
      244.59378
      244.59439
      244.59499
      244.59558
      244.59617
      244.59675
      244.59733
      244.59791
      244.59849
      244.59906
      244.59963
      244.60021
      244.60079
      244.60124
      244.60169
      244.60214
      244.60259
      244.60304
      244.60349
      244.60389
      244.60431
      244.60477
      244.60522
      244.60565
      244.60609
      244.60655
      244.60701
      244.60747
      244.60784
      244.60815
      244.60846
      244.60877
      244.60910
      244.60942
      244.60976
      244.61010
      244.61040
      244.61070
      244.61103
      244.61136
      244.61168
      244.61200
      244.61230
      244.61260
      244.61282
      244.61306
      244.61330
      244.61353
      244.61372
      244.61390
      244.61406
      244.61419
      244.61433
      244.61450
      244.61466
      244.61482
      244.61508
      244.61532
      244.61556
      244.61583
      244.61610
      244.61637
      244.61665
      244.61693
      244.61721
      244.61753
      244.61786
      244.61818
      244.61851
      244.61885
      244.61918
      244.61949
      244.61980
      244.62009
      244.62037
      244.62066
      244.62099
      244.62131
      244.62163
      244.62194
      244.62225
      244.62256
      244.62291
      244.62323
      244.62349
      244.62376
      244.62402
      244.62428
      244.62456
      244.62480
      244.62507
      244.62535
      244.62562
      244.62587
      244.62612
      244.62637
      244.62660
      244.62684
      244.62709
      244.62733
      244.62760
      244.62786
      244.62812
      244.62839
      244.62864
      244.62891
      244.62919
      244.62948
      244.62977
      244.63009
      244.63040
      244.63071
      244.63102
      244.63136
      244.63170
      244.63204
      244.63235
      244.63267
      244.63299
      244.63333
      244.63368
      244.63402
      244.63441
      244.63477
      244.63515
      244.63553
      244.63597
      244.63641
      244.63685
      244.63729
      244.63771
      244.63812
      244.63852
      244.63892
      244.63932
      244.63972
      244.64027
      244.64084
      244.64140
      244.64200
      244.64261
      244.64322
      244.64382
      244.64442
      244.64502
      244.64563
      244.64631
      244.64698
      244.64766
      244.64834
      244.64894
      244.64958
      244.65018
      244.65077
      244.65137
      244.65200
      244.65267
      244.65333
      244.65399
      244.65465
      244.65531
      244.65598
      244.65664
      244.65730
      244.65796
      244.65862
      244.65927
      244.65992
      244.66057
      244.66121
      244.66178
      244.66235
      244.66289
      244.66344
      244.66397
      244.66449
      244.66502
      244.66555
      244.66609
      244.66661
      244.66713
      244.66766
      244.66818
      244.66870
      244.66922
      244.66972
      244.67023
      244.67075
      244.67126
      244.67180
      244.67233
      244.67287
      244.67340
      244.67397
      244.67453
      244.67509
      244.67567
      244.67627
      244.67684
      244.67741
      244.67797
      244.67855
      244.67912
      244.67970
      244.68027
      244.68084
      244.68141
      244.68199
      244.68257
      244.68315
      244.68373
      244.68431
      244.68487
      244.68543
      244.68599
      244.68652
      244.68705
      244.68758
      244.68815
      244.68873
      244.68934
      244.68995
      244.69058
      244.69120
      244.69182
      244.69244
      244.69305
      244.69367
      244.69428
      244.69488
      244.69548
      244.69607
      244.69666
      244.69725
      244.69783
      244.69842
      244.69900
      244.69952
      244.70003
      244.70053
      244.70103
      244.70153
      244.70206
      244.70259
      244.70311
      244.70367
      244.70428
      244.70490
      244.70544
      244.70596
      244.70647
      244.70699
      244.70750
      244.70801
      244.70857
      244.70913
      244.70969
      244.71025
      244.71081
      244.71137
      244.71193
      244.71249
      244.71304
      244.71356
      244.71408
      244.71460
      244.71518
      244.71577
      244.71636
      244.71699
      244.71765
      244.71830
      244.71905
      244.71980
      244.72054
      244.72129
      244.72202
      244.72275
      244.72350
      244.72424
      244.72499
      244.72574
      244.72646
      244.72717
      244.72788
      244.72859
      244.72930
      244.73001
      244.73071
      244.73144
      244.73211
      244.73284
      244.73357
      244.73429
      244.73497
      244.73565
      244.73637
      244.73707
      244.73777
      244.73846
      244.73909
      244.73972
      244.74036
      244.74100
      244.74164
      244.74227
      244.74291
      244.74354
      244.74418
      244.74481
      244.74540
      244.74598
      244.74653
      244.74710
