         Energy
      172.45045
      172.49713
      172.52180
      172.53336
      172.45901
      172.43848
      172.40971
      172.38561
      172.36686
      172.37179
      172.37583
      172.38100
      172.36778
      172.36636
      172.42533
      172.55032
      172.66977
      172.78363
      172.89484
      172.99493
      173.08549
      173.18668
      173.29278
      173.41449
      173.52210
      173.60827
      173.68098
      173.78642
      173.84928
      173.90794
      173.95449
      174.02473
      174.09072
      174.15298
      174.20090
      174.23981
      174.24842
      174.26737
      174.29110
      174.32355
      174.35441
      174.38881
      174.42509
      174.46335
      174.50534
      174.53998
      174.56078
      174.60016
      174.64254
      174.69816
      174.75160
      174.79752
      174.83628
      174.87359
      174.91281
      174.95039
      174.98454
      175.02627
      175.07578
      175.12365
      175.17573
      175.23014
      175.28282
      175.33386
      175.38365
      175.43019
      175.47356
      175.51173
      175.54880
      175.58462
      175.64109
      175.70189
      175.76145
      175.81047
      175.86283
      175.92689
      175.98958
      176.05130
      176.11244
      176.17312
      176.23276
      176.29095
      176.34736
      176.41576
      176.49230
      176.56904
      176.64532
      176.71369
      176.78236
      176.84950
      176.91184
      176.97712
      177.04461
      177.12514
      177.20247
      177.28261
      177.36096
      177.43732
      177.51323
      177.58762
      177.66054
      177.73203
      177.80407
      177.87472
      177.94207
      178.00880
      178.07834
      178.14836
      178.21724
      178.29958
      178.38734
      178.48702
      178.58037
      178.67207
      178.76219
      178.85033
      178.93963
      179.02402
      179.10874
      179.20056
      179.29809
      179.39402
      179.49304
      179.58989
      179.68518
      179.77852
      179.88779
      179.99726
      180.10725
      180.21554
      180.32124
      180.43237
      180.54182
      180.64672
      180.74685
      180.84117
      180.93387
      181.02628
      181.11735
      181.20712
      181.29617
      181.38508
      181.47309
      181.56826
      181.66512
      181.76170
      181.85679
      181.95753
      182.05738
      182.15590
      182.24723
      182.33813
      182.42784
      182.51708
      182.60980
      182.70027
      182.78958
      182.87640
      182.95904
      183.04050
      183.12261
      183.20543
      183.28723
      183.36885
      183.45570
      183.53942
      183.62213
      183.69721
      183.77593
      183.85396
      183.93108
      184.00932
      184.08654
      184.16288
      184.23863
      184.31342
      184.38900
      184.46937
      184.54569
      184.62205
      184.69755
      184.77223
      184.84531
      184.91961
      184.99823
      185.07535
      185.15165
      185.23316
      185.31586
      185.39762
      185.47809
      185.55773
      185.63627
      185.71399
      185.79092
      185.86592
      185.94129
      186.01573
      186.09213
      186.17601
      186.25881
      186.34125
      186.42726
      186.51167
      186.59352
      186.67453
      186.75489
      186.83447
      186.91512
      186.99535
      187.07483
      187.15490
      187.23422
      187.31381
      187.39297
      187.47171
      187.55029
      187.62428
      187.69693
      187.77413
      187.85037
      187.92561
      187.99965
      188.07383
      188.14758
      188.22038
      188.29301
      188.36517
      188.43720
      188.50715
      188.57895
      188.65014
      188.72073
      188.79138
      188.86160
      188.92955
      188.99458
      189.06114
      189.12713
      189.19534
      189.26376
      189.33289
      189.40204
      189.47680
      189.55063
      189.62386
      189.69950
      189.77429
      189.84902
      189.92351
      189.99742
      190.07004
      190.14194
      190.20857
      190.27468
      190.33920
      190.40327
      190.46811
      190.53243
      190.59642
      190.65675
      190.71747
      190.77738
      190.83720
      190.89331
      190.94900
      191.00595
      191.06369
      191.12183
      191.17912
      191.23615
      191.29276
      191.34275
      191.39350
      191.44413
      191.49437
      191.54214
      191.58754
      191.63058
      191.67302
      191.71644
      191.76084
      191.80426
      191.84401
      191.88511
      191.93251
      191.97958
      192.02632
      192.07274
      192.12041
      192.16775
      192.21477
      192.26083
      192.30564
      192.35015
      192.39551
      192.44057
      192.48532
      192.52978
      192.57302
      192.61607
      192.65997
      192.70321
      192.74641
      192.78977
      192.83285
      192.87544
      192.91697
      192.96242
      193.00939
      193.05475
      193.09755
      193.14339
      193.18873
      193.23285
      193.27802
      193.32290
      193.36750
      193.40860
      193.44969
      193.49184
      193.53369
      193.57482
      193.61619
      193.65773
      193.69976
      193.74271
      193.78452
      193.82657
      193.86851
      193.91099
      193.95377
      193.99629
      194.03759
      194.07900
      194.12088
      194.16385
      194.20656
      194.24902
      194.29376
      194.33836
      194.38280
      194.42205
      194.46004
      194.49783
      194.53648
      194.57269
      194.60580
      194.63895
      194.67185
      194.70629
      194.74163
      194.77579
      194.80835
      194.83964
      194.87003
      194.90071
      194.93117
      194.96497
      194.99858
      195.03217
      195.06732
      195.10229
      195.14086
      195.18009
      195.21857
      195.25834
      195.29808
      195.33758
      195.37686
      195.41594
      195.45557
      195.49362
      195.53146
      195.57217
      195.61342
      195.65464
      195.69587
      195.73677
      195.77746
      195.81794
      195.85441
      195.89076
      195.93001
      195.97004
      196.01046
      196.04995
      196.08920
      196.13142
      196.17343
      196.21489
      196.25465
      196.29431
      196.33313
      196.37010
      196.40724
      196.44096
      196.47957
      196.51948
      196.55919
      196.59662
      196.63361
      196.67001
      196.70622
      196.74288
      196.78188
      196.82108
      196.86002
      196.89929
      196.93836
      196.97898
      197.01956
      197.06099
      197.10291
      197.14255
      197.18199
      197.22158
      197.26078
      197.29856
      197.33625
      197.37517
      197.41390
      197.45126
      197.48600
      197.52078
      197.55509
      197.58920
      197.62316
      197.65823
      197.69315
      197.72790
      197.76249
      197.79986
      197.83702
      197.87401
      197.91263
      197.95074
      197.98853
      198.02634
      198.06573
      198.10468
      198.14346
      198.18271
      198.22418
      198.26587
      198.30624
      198.34643
      198.38796
      198.42930
      198.47046
      198.51119
      198.55154
      198.59171
      198.63194
      198.67146
      198.71144
      198.75125
      198.78987
      198.82822
      198.86641
      198.90741
      198.94897
      198.99036
      199.03276
      199.07425
      199.11555
      199.15618
      199.19710
      199.23693
      199.27687
      199.31705
      199.35841
      199.39902
      199.43946
      199.47953
      199.51815
      199.55671
      199.59607
      199.63526
      199.67419
      199.71277
      199.75120
      199.79051
      199.83076
      199.87109
      199.91164
      199.95278
      199.99378
      200.03421
      200.07458
      200.11433
      200.15392
      200.19361
      200.22694
      200.26014
      200.29184
      200.32201
      200.35422
      200.38626
      200.41861
      200.45084
      200.48317
      200.51461
      200.54581
      200.57710
      200.60826
      200.63952
      200.67191
      200.70440
      200.73723
      200.76993
      200.80352
      200.83892
      200.87437
      200.91076
      200.94701
      200.98312
      201.01896
      201.05465
      201.09084
      201.12663
      201.16332
      201.19938
      201.23620
      201.27301
      201.30967
      201.34596
      201.38211
      201.41767
      201.45299
      201.48914
      201.52653
      201.56454
      201.60236
      201.64003
      201.67735
      201.71453
      201.75099
      201.78952
      201.82776
      201.86515
      201.90208
      201.93808
      201.97394
      202.00988
      202.04516
      202.08151
      202.11840
      202.15515
      202.19250
      202.23062
      202.26805
      202.30449
      202.34057
      202.37655
      202.41325
      202.45011
      202.48740
      202.52390
      202.56113
      202.59709
      202.63212
      202.66948
      202.70788
      202.74696
      202.78591
      202.82605
      202.86734
      202.90670
      202.94605
      202.98525
      203.02452
      203.06374
      203.10456
      203.14322
      203.18068
      203.21785
      203.25537
      203.29234
      203.32865
      203.36484
      203.40083
      203.43398
      203.46725
      203.50021
      203.53230
      203.56504
      203.59629
      203.62816
      203.66135
      203.69471
      203.72796
      203.75956
      203.79179
      203.82409
      203.85536
      203.88608
      203.91837
      203.95055
      203.98263
      204.01456
      204.04627
      204.07823
      204.11218
      204.14608
      204.17869
      204.21080
      204.24336
      204.27622
      204.30981
      204.34664
      204.38335
      204.41999
      204.45722
      204.49331
      204.52783
      204.56126
      204.59390
      204.62642
      204.66123
      204.69648
      204.73231
      204.76778
      204.80389
      204.84009
      204.87617
      204.91206
      204.94776
      204.98462
      205.02184
      205.05894
      205.09579
      205.13159
      205.16727
      205.20284
      205.23869
      205.27636
      205.31418
      205.35189
      205.38955
      205.42696
      205.46439
      205.50194
      205.53938
      205.57670
      205.61390
      205.65107
      205.68725
      205.72324
      205.75916
      205.79497
      205.83152
      205.86796
      205.90512
      205.94216
      205.98014
      206.01846
      206.05946
      206.09957
      206.13953
      206.17921
      206.21876
      206.25820
      206.29719
      206.33590
      206.37446
      206.41193
      206.44898
      206.48615
      206.52190
      206.55832
      206.59463
      206.63081
      206.66689
      206.70221
      206.73801
      206.77370
      206.80928
      206.84476
      206.88066
      206.91412
      206.94719
      206.98034
      207.01374
      207.04648
      207.07912
      207.11157
      207.14393
      207.17571
      207.20658
      207.23740
      207.26797
      207.29975
      207.33211
      207.36422
      207.39624
      207.42822
      207.46104
      207.49376
      207.52728
      207.56071
      207.59404
      207.62728
      207.65871
      207.68997
      207.72113
      207.75207
      207.78292
      207.81393
      207.84514
      207.87740
      207.90957
      207.94211
      207.97469
      208.00717
      208.03957
      208.07068
      208.10335
      208.13373
      208.16469
      208.19605
      208.22732
      208.25899
      208.29049
      208.32178
      208.35271
      208.38423
      208.41557
      208.44682
      208.47731
      208.50898
      208.54080
      208.57211
      208.60329
      208.63439
      208.66525
      208.69581
      208.72630
      208.75671
      208.78744
      208.81809
      208.84900
      208.87931
      208.90905
      208.93897
      208.96880
      208.99837
      209.02823
      209.05718
      209.08606
      209.11441
      209.14269
      209.17117
      209.19969
      209.22784
      209.25662
      209.28530
      209.31388
      209.34254
      209.37114
      209.39974
      209.42963
      209.45901
      209.49071
      209.52234
      209.55388
      209.58538
      209.61773
      209.65000
      209.68219
      209.71344
      209.74460
      209.77568
      209.80441
      209.83291
      209.86158
      209.89018
      209.91878
      209.94731
      209.97422
      210.00106
      210.02807
      210.05502
      210.08190
      210.10783
      210.13499
      210.16208
      210.18910
      210.21577
      210.24243
      210.26898
      210.29491
      210.32144
      210.34790
      210.37429
      210.39989
      210.42502
      210.45224
      210.48049
      210.50866
      210.53723
      210.56532
      210.59188
      210.61779
      210.64364
      210.66943
      210.69516
      210.72216
      210.74878
      210.77545
      210.80215
      210.83035
      210.85837
      210.88633
      210.91421
      210.94235
      210.97031
      210.99845
      211.02668
      211.05485
      211.08304
      211.11117
      211.13975
      211.16829
      211.19676
      211.22485
      211.25287
      211.28189
      211.31105
      211.34014
      211.36862
      211.39819
      211.42748
      211.45605
      211.48456
      211.51302
      211.54141
      211.56848
      211.59561
      211.62189
      211.64837
      211.67595
      211.70363
      211.73115
      211.75881
      211.78735
      211.81490
      211.84238
      211.86979
      211.89715
      211.92551
      211.95354
      211.98178
      212.00951
      212.03719
      212.06479
      212.09234
      212.11981
      212.14706
      212.17449
      212.20185
      212.22916
      212.25654
      212.28434
      212.31242
      212.33988
      212.36851
      212.39707
      212.42582
      212.45430
      212.48273
      212.51108
      212.53938
      212.56751
      212.59695
      212.62414
      212.65077
      212.67792
      212.70443
      212.73139
      212.75798
      212.78416
      212.81029
      212.83609
      212.86228
      212.88947
      212.91673
      212.94382
      212.97079
      212.99867
      213.02609
      213.05433
      213.08251
      213.11070
      213.13955
      213.16798
      213.19643
      213.22481
      213.25292
      213.28100
      213.30897
      213.33720
      213.36536
      213.39365
      213.42218
      213.45123
      213.48025
      213.51023
      213.53950
      213.56852
      213.59759
      213.62631
      213.65498
      213.68323
      213.71254
      213.74174
      213.77123
      213.79977
      213.82863
      213.85742
      213.88465
      213.91181
      213.93838
      213.96544
      213.99245
      214.01940
      214.04725
      214.07529
      214.10308
      214.13080
      214.15905
      214.18718
      214.21479
      214.24227
      214.26972
      214.29737
      214.32482
      214.35253
      214.38019
      214.40756
      214.43446
      214.46137
      214.48773
      214.51564
      214.54350
      214.57129
      214.59916
      214.62697
      214.65607
      214.68472
      214.71287
      214.74096
      214.76899
      214.79696
      214.82426
      214.85162
      214.87841
      214.90482
      214.93129
      214.95724
      214.98246
      215.00800
      215.03329
      215.05852
      215.08405
      215.11051
      215.13669
      215.16267
      215.18871
      215.21472
      215.24063
      215.26649
      215.29246
      215.31853
      215.34578
      215.37235
      215.39886
      215.42430
      215.44945
      215.47494
      215.50114
      215.52786
      215.55481
      215.58240
      215.60916
      215.63587
      215.66319
      215.69070
      215.71831
      215.74694
      215.77610
      215.80404
      215.83248
      215.86115
      215.88848
      215.91594
      215.94369
      215.97130
      215.99942
      216.02845
      216.05731
      216.08545
      216.11338
      216.14126
      216.16908
      216.19701
      216.22520
      216.25368
      216.28167
      216.31022
      216.33872
      216.36715
      216.39554
      216.42411
      216.45304
      216.48306
      216.51298
      216.54272
      216.57217
      216.60159
      216.63133
      216.66143
      216.69178
      216.72207
