         Energy
      276.70848
      276.66428
      276.74428
      276.78429
      276.80829
      276.82429
      276.87023
      276.90343
      276.92925
      276.92670
      276.92179
      276.90218
      276.89941
      276.90725
      276.90255
      276.91292
      276.91808
      276.92266
      276.91866
      276.91505
      276.91461
      276.91421
      276.91384
      276.91262
      276.90390
      276.89455
      276.87693
      276.85433
      276.83329
      276.81422
      276.80120
      276.78641
      276.77252
      276.76412
      276.75558
      276.74752
      276.73989
      276.73418
      276.72877
      276.72267
      276.72108
      276.71957
      276.71812
      276.71844
      276.71731
      276.71399
      276.71081
      276.70466
      276.69779
      276.68295
      276.66870
      276.65732
      276.64637
      276.63771
      276.62937
      276.62133
      276.61516
      276.60675
      276.59653
      276.58666
      276.57712
      276.56656
      276.55401
      276.54451
      276.53451
      276.52448
      276.51442
      276.50466
      276.49507
      276.48575
      276.47877
      276.46575
      276.45217
      276.43802
      276.42426
      276.41393
      276.40184
      276.39155
      276.38143
      276.37085
      276.35863
      276.34561
      276.33344
      276.31213
      276.28759
      276.26494
      276.24281
      276.22118
      276.19889
      276.17709
      276.15578
      276.13553
      276.11568
      276.09731
      276.07905
      276.06117
      276.04210
      276.02282
      276.00393
      275.98541
      275.96726
      275.94947
      275.93451
      275.91984
      275.90544
      275.89132
      275.87317
      275.85557
      275.83829
      275.81926
      275.80249
      275.78549
      275.77141
      275.75497
      275.73827
      275.72187
      275.70941
      275.69717
      275.68572
      275.67530
      275.66543
      275.65359
      275.64306
      275.63265
      275.62276
      275.61275
      275.60289
      275.59312
      275.58350
      275.57346
      275.56357
      275.55420
      275.54453
      275.53760
      275.53006
      275.52263
      275.51530
      275.50662
      275.49611
      275.48347
      275.47062
      275.45796
      275.44523
      275.43315
      275.42184
      275.41088
      275.39802
      275.38596
      275.37407
      275.36302
      275.35026
      275.33733
      275.32450
      275.31174
      275.29921
      275.28262
      275.26726
      275.25209
      275.23326
      275.21467
      275.19538
      275.17607
      275.15835
      275.14084
      275.12405
      275.10684
      275.08982
      275.07414
      275.05864
      275.04332
      275.02861
      275.01231
      274.99620
      274.97993
      274.96274
      274.94093
      274.91873
      274.89595
      274.87343
      274.85107
      274.82896
      274.80666
      274.78394
      274.76196
      274.74022
      274.71505
      274.69015
      274.66551
      274.64411
      274.62257
      274.60130
      274.57920
      274.55732
      274.53531
      274.51218
      274.48866
      274.46620
      274.44046
      274.41530
      274.39039
      274.36539
      274.34103
      274.31704
      274.29328
      274.26976
      274.24640
      274.22390
      274.20160
      274.17933
      274.15727
      274.13542
      274.11377
      274.09187
      274.07018
      274.04882
      274.02620
      274.00550
      273.98498
      273.96164
      273.93854
      273.91566
      273.89305
      273.87195
      273.85115
      273.83053
      273.81009
      273.78984
      273.76738
      273.74578
      273.72436
      273.70313
      273.68214
      273.66191
      273.64186
      273.62243
      273.60317
      273.58452
      273.56720
      273.55003
      273.53300
      273.51556
      273.49578
      273.47564
      273.45567
      273.43585
      273.41569
      273.39592
      273.37632
      273.35612
      273.33579
      273.31518
      273.29569
      273.27636
      273.25717
      273.23947
      273.22161
      273.20389
      273.18563
      273.16751
      273.14802
      273.12868
      273.10927
      273.08974
      273.07036
      273.05082
      273.03028
      273.00938
      272.98846
      272.96767
      272.94680
      272.92637
      272.90627
      272.88733
      272.86794
      272.84855
      272.82931
      272.81021
      272.79130
      272.77253
      272.75099
      272.72990
      272.70895
      272.68648
      272.66417
      272.64202
      272.61995
      272.59759
      272.57560
      272.55347
      272.53128
      272.50894
      272.48815
      272.46612
      272.44231
      272.41866
      272.39468
      272.37079
      272.34707
      272.32350
      272.30010
      272.27684
      272.25309
      272.22894
      272.20510
      272.18055
      272.15524
      272.13010
      272.10337
      272.07630
      272.04939
      272.02267
      271.99612
      271.97103
      271.94616
      271.92083
      271.89564
      271.87061
      271.84495
      271.81799
      271.79120
      271.76437
      271.73771
      271.71185
      271.68621
      271.66074
      271.63541
      271.61055
      271.58595
      271.56150
      271.53689
      271.51375
      271.49075
      271.46721
      271.44371
      271.42035
      271.39734
      271.37447
      271.34968
      271.32474
      271.30002
      271.27545
      271.25102
      271.22696
      271.20301
      271.17915
      271.15571
      271.13395
      271.11274
      271.09165
      271.07133
      271.05118
      271.03114
      271.01121
      270.99083
      270.96930
      270.94771
      270.92608
      270.90458
      270.88319
      270.86193
      270.84090
      270.81999
      270.79922
      270.77857
      270.75804
      270.73727
      270.71661
      270.69607
      270.67564
      270.65531
      270.63510
      270.61434
      270.59349
      270.57227
      270.55118
      270.53034
      270.50962
      270.48705
      270.46460
      270.43951
      270.41456
      270.38973
      270.36467
      270.33923
      270.31332
      270.28652
      270.26153
      270.23666
      270.21150
      270.18646
      270.16158
      270.13682
      270.11224
      270.08857
      270.06585
      270.04325
      270.02109
      269.99916
      269.97736
      269.95607
      269.93508
      269.91403
      269.89308
      269.87223
      269.85149
      269.83046
      269.80954
      269.78873
      269.76775
      269.74693
      269.72595
      269.70507
      269.68403
      269.66308
      269.64206
      269.62114
      269.60071
      269.58037
      269.56014
      269.54011
      269.52018
      269.50034
      269.47950
      269.45849
      269.43763
      269.41591
      269.39421
      269.37225
      269.35040
      269.32901
      269.30763
      269.28634
      269.26533
      269.24440
      269.22348
      269.20167
      269.18095
      269.16122
      269.14176
      269.12213
      269.10259
      269.08314
      269.06294
      269.04217
      269.02158
      269.00019
      268.97890
      268.95770
      268.93660
      268.91594
      268.89538
      268.87475
      268.85422
      268.83378
      268.81337
      268.79305
      268.77282
      268.75268
      268.73263
      268.71266
      268.69266
      268.67274
      268.65319
      268.63394
      268.61495
      268.59568
      268.57730
      268.55891
      268.54050
      268.52224
      268.50444
      268.48671
      268.47015
      268.45382
      268.43897
      268.42418
      268.40910
      268.39413
      268.37894
      268.36363
      268.34842
      268.33286
      268.31730
      268.30209
      268.28693
      268.27403
      268.26129
      268.24900
      268.23577
      268.22260
      268.20948
      268.19642
      268.18341
      268.17029
      268.15720
      268.14419
      268.13104
      268.11795
      268.10477
      268.09164
      268.07856
      268.06565
      268.05292
      268.03830
      268.02369
      268.00913
      267.99463
      267.97989
      267.96516
      267.95052
      267.93626
      267.92247
      267.90854
      267.89510
      267.88171
      267.86837
      267.85509
      267.84154
      267.82766
      267.81414
      267.80185
      267.78997
      267.77768
      267.76567
      267.75370
      267.74256
      267.73150
      267.71993
      267.70759
      267.69519
      267.68311
      267.67086
      267.65856
      267.64633
      267.63414
      267.62225
      267.61040
      267.59857
      267.58679
      267.57496
      267.56355
      267.55222
      267.54160
      267.53101
      267.52046
      267.50995
      267.50037
      267.48980
      267.47842
      267.46718
      267.45599
      267.44423
      267.43252
      267.42005
      267.40833
      267.39665
      267.38501
      267.37285
      267.36037
      267.34799
      267.33604
      267.32428
      267.31256
      267.30089
      267.28868
      267.27859
      267.26856
      267.25836
      267.24837
      267.23860
      267.22885
      267.21915
      267.20891
      267.19705
      267.18523
      267.17345
      267.16187
      267.15058
      267.13933
      267.12812
      267.11695
      267.10604
      267.09624
      267.08720
      267.07815
      267.06912
      267.05994
      267.05108
      267.04277
      267.03510
      267.02712
      267.01917
      267.01125
      267.00335
      266.99497
      266.98661
      266.97820
      266.96982
      266.96113
      266.95224
      266.94447
      266.93654
      266.92868
      266.92101
      266.91355
      266.90561
      266.89769
      266.88952
      266.88096
      266.87244
      266.86393
      266.85522
      266.84637
      266.83747
      266.82922
      266.82062
      266.81205
      266.80392
      266.79577
      266.78741
      266.77891
      266.77045
      266.76201
      266.75351
      266.74496
      266.73607
      266.72657
      266.71719
      266.70794
      266.69871
      266.68946
      266.68023
      266.67041
      266.65925
      266.64824
      266.63727
      266.62623
      266.61522
      266.60430
      266.59342
      266.58249
      266.57112
      266.55949
      266.54784
      266.53646
      266.52509
      266.51383
      266.50294
      266.49208
      266.48117
      266.47029
      266.45945
      266.44964
      266.43964
      266.42928
      266.41897
      266.40868
      266.39839
      266.38813
      266.37791
      266.36757
      266.35727
      266.34690
      266.33745
      266.32796
      266.31839
      266.30902
      266.29993
      266.29081
      266.28164
      266.27249
      266.26336
      266.25425
      266.24523
      266.23623
      266.22725
      266.21866
      266.21037
      266.20206
      266.19381
      266.18553
      266.17727
      266.16904
      266.16060
      266.15220
      266.14381
      266.13477
      266.12591
      266.11671
      266.10716
      266.09764
      266.08858
      266.07955
      266.07037
      266.06121
      266.05192
      266.04192
      266.03152
      266.02115
      266.01043
      266.00010
      265.99012
      265.98017
      265.96978
      265.95903
      265.94808
      265.93755
      265.92709
      265.91670
      265.90614
      265.89578
      265.88525
      265.87473
      265.86464
      265.85456
      265.84482
      265.83517
      265.82635
      265.81744
      265.80855
      265.79969
      265.79087
      265.78248
      265.77477
      265.76702
      265.75929
      265.75151
      265.74346
      265.73541
      265.72740
      265.71907
      265.71073
      265.70241
      265.69411
      265.68584
      265.67730
      265.66881
      265.66034
      265.65189
      265.64359
      265.63531
      265.62664
      265.61852
      265.61037
      265.60279
      265.59486
      265.58692
      265.57899
      265.57098
      265.56366
      265.55643
      265.54934
      265.54227
      265.53518
      265.52811
      265.52105
      265.51360
      265.50617
      265.49876
      265.49144
      265.48422
      265.47740
      265.47041
      265.46344
      265.45648
      265.44973
      265.44265
      265.43563
      265.42862
      265.42139
      265.41417
      265.40695
      265.39974
      265.39244
      265.38399
      265.37524
      265.36651
      265.35769
      265.34885
      265.34002
      265.33122
      265.32203
      265.31285
      265.30472
      265.29658
      265.28842
      265.28028
      265.27254
      265.26478
      265.25705
      265.24939
      265.24175
      265.23412
      265.22652
      265.21911
      265.21100
      265.20291
      265.19443
      265.18598
      265.17709
      265.16822
      265.15938
      265.15065
      265.14197
      265.13328
      265.12496
      265.11666
      265.10808
      265.09954
      265.09101
      265.08237
      265.07343
      265.06456
      265.05564
      265.04681
      265.03793
      265.02914
      265.02037
      265.01162
      265.00289
      264.99404
      264.98521
      264.97640
      264.96839
      264.96040
      264.95242
      264.94418
      264.93617
      264.92810
      264.92014
      264.91223
      264.90433
      264.89645
      264.88874
      264.88090
      264.87309
      264.86529
      264.85757
      264.84986
      264.84152
      264.83297
      264.82465
      264.81641
      264.80860
      264.80063
      264.79268
      264.78471
      264.77670
      264.76871
      264.76073
      264.75277
      264.74484
      264.73696
      264.72949
      264.72195
      264.71447
      264.70699
      264.69949
      264.69225
      264.68491
      264.67785
      264.67099
      264.66415
      264.65604
      264.64754
      264.63926
      264.63088
      264.62225
      264.61365
      264.60385
      264.59423
      264.58464
      264.57513
      264.56569
      264.55626
      264.54747
      264.53873
      264.53000
      264.52130
      264.51223
      264.50318
      264.49414
      264.48502
      264.47487
      264.46509
      264.45570
      264.44584
      264.43602
      264.42622
      264.41565
      264.40510
      264.39483
      264.38458
      264.37435
      264.36371
      264.35312
      264.34255
      264.33182
      264.32075
      264.30942
      264.29934
      264.28908
      264.27884
      264.26863
      264.25844
      264.24835
      264.23832
      264.22776
      264.21733
      264.20693
      264.19628
      264.18549
      264.17447
      264.16334
      264.15263
      264.14194
      264.13175
      264.12159
      264.11122
      264.10175
      264.09236
      264.08323
      264.07422
      264.06545
      264.05669
      264.04804
      264.03946
      264.03099
      264.02258
      264.01466
      264.00676
      263.99887
      263.99122
      263.98359
      263.97610
      263.96858
      263.96128
      263.95400
      263.94626
      263.93847
      263.93069
      263.92298
      263.91553
      263.90773
      263.89987
      263.89205
      263.88441
      263.87707
      263.86974
      263.86250
      263.85528
      263.84807
      263.84081
      263.83388
      263.82697
      263.82010
      263.81326
      263.80699
      263.80072
      263.79450
      263.78853
      263.78255
      263.77642
      263.77032
      263.76430
      263.75850
      263.75214
      263.74574
      263.73925
      263.73282
      263.72641
      263.71997
      263.71355
      263.70717
      263.70101
      263.69478
      263.68855
      263.68232
      263.67611
      263.66991
      263.66373
      263.65755
      263.65138
      263.64522
      263.63916
      263.63310
      263.62703
      263.62029
      263.61355
      263.60684
      263.60013
      263.59243
      263.58488
      263.57734
      263.56883
      263.56020
      263.55180
      263.54342
      263.53507
      263.52701
      263.51905
      263.51111
      263.50319
      263.49540
      263.48752
      263.47960
      263.47135
      263.46238
      263.45344
      263.44445
      263.43547
      263.42652
      263.41743
      263.40836
      263.39930
      263.39011
      263.38127
      263.37233
      263.36364
      263.35438
      263.34513
      263.33621
      263.32744
      263.31868
