         Energy
      299.62158
      299.76134
      299.94358
      300.03470
      300.06390
      300.08336
      300.09726
      300.13777
      300.18939
      300.23068
      300.26232
      300.28868
      300.32472
      300.35561
      300.37499
      300.39195
      300.40691
      300.28446
      300.17490
      300.07630
      300.00074
      299.93205
      299.86934
      299.81185
      299.76478
      299.72166
      299.67487
      299.62979
      299.58782
      299.55582
      299.49253
      299.41866
      299.34928
      299.28424
      299.24437
      299.20713
      299.16718
      299.11932
      299.06293
      299.00937
      298.95313
      298.91085
      298.87054
      298.83206
      298.79528
      298.76008
      298.72685
      298.69499
      298.67215
      298.64974
      298.61320
      298.57806
      298.54425
      298.51169
      298.47348
      298.43664
      298.39973
      298.36005
      298.32338
      298.28001
      298.22739
      298.17612
      298.12649
      298.05696
      297.99007
      297.92521
      297.85256
      297.77565
      297.69963
      297.63015
      297.56007
      297.48962
      297.42700
      297.36334
      297.29815
      297.23274
      297.17484
      297.11004
      297.04688
      296.99667
      296.95415
      296.91267
      296.87683
      296.84798
      296.81547
      296.76615
      296.71518
      296.66252
      296.62601
      296.58768
      296.54976
      296.49609
      296.43889
      296.38291
      296.32811
      296.27585
      296.22387
      296.17295
      296.12314
      296.06967
      296.01596
      295.95863
      295.90240
      295.84726
      295.78447
      295.72287
      295.66073
      295.59795
      295.53614
      295.47546
      295.41475
      295.35512
      295.29655
      295.23963
      295.18370
      295.12798
      295.07054
      295.01408
      294.95610
      294.89909
      294.84256
      294.78456
      294.72448
      294.66538
      294.60721
      294.55410
      294.50181
      294.45035
      294.39968
      294.35235
      294.30413
      294.25595
      294.20677
      294.15704
      294.10705
      294.05342
      293.99637
      293.94154
      293.88749
      293.83594
      293.78870
      293.74212
      293.69828
      293.65505
      293.61312
      293.56899
      293.52546
      293.48255
      293.44022
      293.39737
      293.35510
      293.31426
      293.27396
      293.22763
      293.18190
      293.13681
      293.09230
      293.04891
      293.00576
      292.96314
      292.92105
      292.87949
      292.83296
      292.78611
      292.74224
      292.69868
      292.64587
      292.59368
      292.54212
      292.49116
      292.44079
      292.39178
      292.34333
      292.29487
      292.24793
      292.20090
      292.15112
      292.10191
      292.05324
      292.00511
      291.95752
      291.91045
      291.86321
      291.81720
      291.77037
      291.72406
      291.68023
      291.63688
      291.59398
      291.55153
      291.50834
      291.46559
      291.42437
      291.38068
      291.33745
      291.29465
      291.24951
      291.20482
      291.16125
      291.11913
      291.07790
      291.03888
      291.00024
      290.96198
      290.92410
      290.88658
      290.84943
      290.81263
      290.77376
      290.73525
      290.69711
      290.65789
      290.61904
      290.58413
      290.54582
      290.51042
      290.47535
      290.44060
      290.40693
      290.37421
      290.34297
      290.31180
      290.28090
      290.25199
      290.22334
      290.19260
      290.16214
      290.13300
      290.10411
      290.07548
      290.04650
      290.01575
      289.98470
      289.95052
      289.92051
      289.89075
      289.86132
      289.83559
      289.80989
      289.78468
      289.76046
      289.72923
      289.69824
      289.66752
      289.63704
      289.60691
      289.57691
      289.54765
      289.51948
      289.49154
      289.46429
      289.43726
      289.41027
      289.38349
      289.35667
      289.33006
      289.30363
      289.27739
      289.25132
      289.21947
      289.18786
      289.15584
      289.12416
      289.09273
      289.06284
      289.03319
      289.00407
      288.97516
      288.94647
      288.92421
      288.90210
      288.88112
      288.86241
      288.84330
      288.82380
      288.80363
      288.78361
      288.76373
      288.74399
      288.72440
      288.70447
      288.68204
      288.66021
      288.64429
      288.62867
      288.61315
      288.59723
      288.58142
      288.56425
      288.54671
      288.53021
      288.51153
      288.49311
      288.47614
      288.45963
      288.44322
      288.42770
      288.41205
      288.39323
      288.36997
      288.35063
      288.33184
      288.31262
      288.29375
      288.27501
      288.25634
      288.24008
      288.22392
      288.20839
      288.19295
      288.17762
      288.16238
      288.14707
      288.13360
      288.12022
      288.10692
      288.09370
      288.08083
      288.06803
      288.05620
      288.04444
      288.03218
      288.02001
      288.01033
      288.00071
      287.99115
      287.98227
      287.97402
      287.96626
      287.95855
      287.95089
      287.94359
      287.93242
      287.92132
      287.91029
      287.89955
      287.88725
      287.87504
      287.86481
      287.85338
      287.84201
      287.83112
      287.82030
      287.80954
      287.79885
      287.78890
      287.77901
      287.76946
      287.75844
      287.74702
      287.73567
      287.72297
      287.71045
      287.69671
      287.68865
      287.68063
      287.67002
      287.65983
      287.64969
      287.64048
      287.63132
      287.62282
      287.61435
      287.60309
      287.59236
      287.58233
      287.57493
      287.56784
      287.55854
      287.55096
      287.54177
      287.53261
      287.52351
      287.51497
      287.50647
      287.49802
      287.48961
      287.48125
      287.47380
      287.46638
      287.45759
      287.44898
      287.44067
      287.43265
      287.42453
      287.41510
      287.40572
      287.40004
      287.39294
      287.38587
      287.38095
      287.37596
      287.36963
      287.36333
      287.35705
      287.35076
      287.34449
      287.33826
      287.33142
      287.32516
      287.31893
      287.31233
      287.30577
      287.29905
      287.29248
      287.28594
      287.27943
      287.27451
      287.26962
      287.26471
      287.26032
      287.25579
      287.25035
      287.24389
      287.23655
      287.22924
      287.22228
      287.21652
      287.21079
      287.20521
      287.19966
      287.19623
      287.19282
      287.18942
      287.18570
      287.18329
      287.18074
      287.17782
      287.17534
      287.17208
      287.16884
      287.16454
      287.16020
      287.15582
      287.15146
      287.14696
      287.14248
      287.13802
      287.13669
      287.13537
      287.13583
      287.13628
      287.13674
      287.13817
      287.13986
      287.14007
      287.14190
      287.14339
      287.14488
      287.14528
      287.14568
      287.14608
      287.14648
      287.14687
      287.14670
      287.14652
      287.14635
      287.14543
      287.14398
      287.14253
      287.14055
      287.13802
      287.13419
      287.12860
      287.12369
      287.12250
      287.12132
      287.11539
      287.11062
      287.10587
      287.10114
      287.09604
      287.09097
      287.08613
      287.08132
      287.07659
      287.07189
      287.06668
      287.06150
      287.05635
      287.05139
      287.04667
      287.04198
      287.03849
      287.03501
      287.03085
      287.02792
      287.02502
      287.02242
      287.01983
      287.01725
      287.01252
      287.00781
      287.00312
      286.99845
      286.99383
      286.98923
      286.98473
      286.98057
      286.97644
      286.97232
      286.96796
      286.96405
      286.96060
      286.95716
      286.95373
      286.95032
      286.94810
      286.94603
      286.94397
      286.94174
      286.93952
      286.93950
      286.93949
      286.93875
      286.93801
      286.93728
      286.93655
      286.93582
      286.93500
      286.93341
      286.93183
      286.93121
      286.93059
      286.93003
      286.92932
      286.92668
      286.92405
      286.92143
      286.91882
      286.91622
      286.91211
      286.90803
      286.90396
      286.89751
      286.89077
      286.88429
      286.87775
      286.87122
      286.86399
      286.85578
      286.84760
      286.84191
      286.83571
      286.82953
      286.82415
      286.81878
      286.81322
      286.80926
      286.80532
      286.80139
      286.79747
      286.79356
      286.78967
      286.78611
      286.78136
      286.77625
      286.77123
      286.76623
      286.76133
      286.75661
      286.75241
      286.74822
      286.74322
      286.73802
      286.73288
      286.72766
      286.72402
      286.72039
      286.71663
      286.71414
      286.71099
      286.70788
      286.70414
      286.70041
      286.69666
      286.69293
      286.68921
      286.68514
      286.68108
      286.67635
      286.67198
      286.66748
      286.66190
      286.65705
      286.65210
      286.64811
      286.64522
      286.64141
      286.63762
      286.63431
      286.63102
      286.62872
      286.62643
      286.62415
      286.62200
      286.61714
      286.61322
      286.60872
      286.60410
      286.59949
      286.59444
      286.58886
      286.58242
      286.57521
      286.56756
      286.55973
      286.55152
      286.54340
      286.53591
      286.52845
      286.52101
      286.51326
      286.50553
      286.49844
      286.49132
      286.48422
      286.47724
      286.46994
      286.46217
      286.45444
      286.44689
      286.43862
      286.42992
      286.42164
      286.41338
      286.40473
      286.39612
      286.38753
      286.37915
      286.37075
      286.36239
      286.35437
      286.34652
      286.33869
      286.33231
      286.32568
      286.31908
      286.31196
      286.30476
      286.29671
      286.28727
      286.27786
      286.26883
      286.25984
      286.25081
      286.24181
      286.23394
      286.22590
      286.21787
      286.20986
      286.20196
      286.19458
      286.18645
      286.17921
      286.17350
      286.16707
      286.16145
      286.15584
      286.14992
      286.14376
      286.13761
      286.13148
      286.12625
      286.12104
      286.11555
      286.11013
      286.10473
      286.09947
      286.09422
      286.08902
      286.08331
      286.07724
      286.07203
      286.06656
      286.06080
      286.05506
      286.04874
      286.04223
      286.03695
      286.03168
      286.02642
      286.02069
      286.01492
      286.00959
      286.00406
      285.99855
      285.99199
      285.98545
      285.97895
      285.97215
      285.96494
      285.95775
      285.95109
      285.94440
      285.93800
      285.93007
      285.92067
      285.91190
      285.90356
      285.89525
      285.88696
      285.87735
      285.86750
      285.85768
      285.84763
      285.83761
      285.82762
      285.81599
      285.80440
      285.79284
      285.78132
      285.76982
      285.75836
      285.74652
      285.73471
      285.72293
      285.71146
      285.70016
      285.68988
      285.67911
      285.66836
      285.65762
      285.64692
      285.63625
      285.62526
      285.61429
      285.60419
      285.59412
      285.58407
      285.57405
      285.56494
      285.55585
      285.54679
      285.53821
      285.52965
      285.52076
      285.51144
      285.50241
      285.49341
      285.48403
      285.47454
      285.46480
      285.45509
      285.44541
      285.43575
      285.42637
      285.41741
      285.40858
      285.39936
      285.39041
      285.38159
      285.37274
      285.36477
      285.35683
      285.34942
      285.34203
      285.33455
      285.32708
      285.31963
      285.31141
      285.30322
      285.29448
      285.28646
      285.27847
      285.27049
      285.26254
      285.25460
      285.24669
      285.23940
      285.23216
      285.22330
      285.21421
      285.20373
      285.19483
      285.18595
      285.17697
      285.16772
      285.15806
      285.14843
      285.13624
      285.12347
      285.11072
      285.09801
      285.08516
      285.07235
      285.05878
      285.04524
      285.03236
      285.01953
      285.00672
      284.99396
      284.97962
      284.96534
      284.95089
      284.93685
      284.92285
      284.90795
      284.89308
      284.87829
      284.86353
      284.84881
      284.83413
      284.81698
      284.79987
      284.78252
      284.76520
      284.74703
      284.72942
      284.71186
      284.69348
      284.67514
      284.65985
      284.64419
      284.62858
      284.61301
      284.59748
      284.58239
      284.56733
      284.55259
      284.53788
      284.52237
      284.50691
      284.49148
      284.47435
      284.45726
      284.44060
      284.42395
      284.40733
      284.39076
      284.37426
      284.35780
      284.34147
      284.32518
      284.30893
      284.29290
      284.27691
      284.26130
      284.24573
      284.23041
      284.21512
      284.19987
      284.18467
      284.16951
      284.15448
      284.14139
      284.12865
      284.11614
      284.10412
      284.09213
      284.08017
      284.06767
      284.05520
      284.04299
      284.03132
      284.01931
      284.00790
      283.99651
      283.98563
      283.97477
      283.96376
      283.95233
      283.94193
      283.93096
      283.92014
      283.90933
      283.89870
      283.88823
      283.87780
      283.86764
      283.85757
      283.84752
      283.83838
      283.82927
      283.82028
      283.81131
      283.80236
      283.79329
      283.78453
      283.77578
      283.76735
      283.75919
      283.75096
      283.74435
      283.73773
      283.73113
      283.72393
      283.71602
      283.70787
      283.69974
      283.69163
      283.68370
      283.67573
      283.66778
      283.65985
      283.65180
      283.64378
      283.63556
      283.62729
      283.61872
      283.60985
      283.60100
      283.59252
      283.58410
      283.57559
      283.56811
      283.56064
      283.55319
      283.54576
      283.53867
      283.53128
      283.52341
      283.51568
      283.50797
      283.50071
      283.49275
      283.48374
      283.47475
      283.46579
      283.45684
      283.44791
      283.43765
      283.42740
      283.41621
      283.40565
      283.39510
      283.38458
      283.37309
      283.36142
      283.34977
      283.33798
      283.32623
      283.31451
      283.30233
      283.29018
      283.27763
      283.26557
      283.25346
      283.24196
      283.23103
      283.21897
      283.20754
      283.19646
      283.18540
      283.17438
      283.16330
      283.15239
      283.14107
      283.13084
      283.12064
      283.10911
      283.09716
      283.08489
      283.07264
      283.06136
      283.04997
      283.03942
      283.02837
      283.01734
      283.00445
      282.99158
      282.97874
      282.96628
      282.95333
      282.94042
      282.92753
      282.91476
      282.90202
      282.88983
      282.87745
      282.86510
      282.85278
      282.84148
      282.83041
      282.81920
      282.80774
      282.79620
      282.78475
      282.77321
      282.76163
      282.74967
      282.73684
      282.72406
      282.71121
      282.69838
      282.68558
      282.67280
      282.66022
      282.64653
      282.63448
      282.62350
      282.61195
      282.60042
      282.58926
      282.57861
      282.56797
      282.55736
      282.54673
      282.53537
      282.52403
      282.51271
      282.50077
      282.48812
      282.47552
      282.46173
      282.44797
      282.43374
      282.41962
      282.40542
      282.39125
      282.37801
      282.36427
      282.35056
      282.33688
      282.32349
      282.31034
      282.29722
      282.28413
      282.27106
      282.25789
      282.24475
      282.22935
      282.21394
      282.19856
