      Iteration         Energy
              1     0.97970635
              2     0.97757489
              3     0.97615837
              4     0.97126725
              5     0.97210218
              6     0.96913475
              7     0.96877562
              8     0.96504599
              9     0.96360247
             10     0.96310097
             11     0.96183026
             12     0.95800722
             13     0.95955935
             14     0.95554149
             15     0.95499020
             16     0.95256682
             17     0.94900612
             18     0.94823642
             19     0.94624568
             20     0.94466024
             21     0.94460563
             22     0.94203743
             23     0.94191718
             24     0.93918104
             25     0.93702581
             26     0.93421881
             27     0.93530413
             28     0.93283462
             29     0.93081683
             30     0.92858308
             31     0.92905243
             32     0.92844703
             33     0.92675859
             34     0.92430445
             35     0.92188851
             36     0.92040316
             37     0.91889087
             38     0.91837710
             39     0.91532138
             40     0.91452524
             41     0.91349737
             42     0.91165668
             43     0.91198012
             44     0.90908920
             45     0.90582151
             46     0.90611857
             47     0.90387266
             48     0.90276951
             49     0.90275403
             50     0.89901443
             51     0.89814192
             52     0.89733841
             53     0.89467858
             54     0.89382320
             55     0.89314161
             56     0.89182869
             57     0.89081953
             58     0.88927601
             59     0.88853053
             60     0.88602922
             61     0.88667692
             62     0.88274173
             63     0.88268180
             64     0.88275765
             65     0.88059723
             66     0.88075964
             67     0.87642814
             68     0.87697314
             69     0.87346069
             70     0.87348007
             71     0.87378342
             72     0.87125668
             73     0.87177560
             74     0.87010996
             75     0.86968168
             76     0.86800432
             77     0.86595140
             78     0.86417640
             79     0.86389647
             80     0.86182013
             81     0.86269921
             82     0.86038755
             83     0.85962455
             84     0.85621849
             85     0.85820446
             86     0.85502139
             87     0.85525345
             88     0.85308311
             89     0.85171135
             90     0.85081448
             91     0.84950407
             92     0.84840739
             93     0.84852708
             94     0.84808621
             95     0.84679063
             96     0.84428496
             97     0.84419753
             98     0.84197690
             99     0.84255224
            100     0.84008963
            101     0.84065407
            102     0.84043220
            103     0.83634606
            104     0.83839697
            105     0.83763156
            106     0.83421612
            107     0.83133698
            108     0.83176419
            109     0.83082808
            110     0.83088270
            111     0.82901649
            112     0.82702236
            113     0.82816876
            114     0.82641311
            115     0.82627617
            116     0.82557184
            117     0.82365910
            118     0.82316876
            119     0.82154705
            120     0.82133759
            121     0.82240486
            122     0.81964317
            123     0.81827158
            124     0.81714648
            125     0.81685982
            126     0.81647590
            127     0.81473824
            128     0.81298245
            129     0.81195937
            130     0.81190729
            131     0.81049799
            132     0.81117093
            133     0.80947313
            134     0.80840996
            135     0.80842674
            136     0.80701529
            137     0.80537400
            138     0.80499814
            139     0.80483250
            140     0.80389939
            141     0.80427879
            142     0.80055620
            143     0.80183353
            144     0.79989160
            145     0.79716678
            146     0.80004357
            147     0.79731347
            148     0.79668200
            149     0.79743976
            150     0.79735866
            151     0.79395957
            152     0.79426652
            153     0.79312688
            154     0.79254970
            155     0.79175798
            156     0.79024287
            157     0.78990924
            158     0.78919497
            159     0.78756681
            160     0.78685651
            161     0.78759243
            162     0.78645599
            163     0.78674810
            164     0.78604259
            165     0.78420444
            166     0.78313838
            167     0.78320278
            168     0.78259152
            169     0.78156257
            170     0.78201963
            171     0.77886664
            172     0.77896127
            173     0.77899425
            174     0.77716782
            175     0.77578902
            176     0.77750951
            177     0.77541095
            178     0.77595688
            179     0.77554957
            180     0.77406613
            181     0.77339849
            182     0.77311537
            183     0.77251686
            184     0.77163230
            185     0.77040745
            186     0.76926152
            187     0.76929440
            188     0.76747688
            189     0.76694613
            190     0.76688238
            191     0.76644466
            192     0.76733077
            193     0.76566783
            194     0.76440185
            195     0.76473136
            196     0.76264992
            197     0.76364524
            198     0.76053892
            199     0.76071822
            200     0.76093511
            201     0.76066249
            202     0.76022075
            203     0.75895705
            204     0.75862157
            205     0.75884734
            206     0.75795369
            207     0.75697390
            208     0.75570873
            209     0.75523137
            210     0.75421419
            211     0.75339632
            212     0.75382619
            213     0.75225357
            214     0.75341761
            215     0.75139477
            216     0.75149906
            217     0.75129840
            218     0.75149891
            219     0.75025484
            220     0.74965781
            221     0.74839815
            222     0.74741816
            223     0.74795488
            224     0.74803826
            225     0.74667527
            226     0.74744635
            227     0.74602053
            228     0.74516818
            229     0.74473150
            230     0.74324293
            231     0.74286236
            232     0.74355439
            233     0.74313464
            234     0.74320689
            235     0.74137299
            236     0.74028693
            237     0.74022285
            238     0.73939836
            239     0.73978942
            240     0.73791014
            241     0.73791413
            242     0.73912817
            243     0.73778318
            244     0.73730845
            245     0.73633994
            246     0.73428169
            247     0.73426194
            248     0.73547488
            249     0.73410219
            250     0.73420514
            251     0.73303324
            252     0.73217367
            253     0.73142568
            254     0.73131829
            255     0.73141372
            256     0.73209594
            257     0.73134357
            258     0.72984241
            259     0.72986529
            260     0.72984905
            261     0.72793672
            262     0.72989094
            263     0.72674252
            264     0.72658682
            265     0.72666809
            266     0.72539447
            267     0.72691051
            268     0.72416795
            269     0.72498502
            270     0.72522203
            271     0.72633722
            272     0.72402354
            273     0.72398235
            274     0.72416628
            275     0.72274916
            276     0.72080443
            277     0.72343428
            278     0.72076526
            279     0.72126804
            280     0.72033727
            281     0.72142867
            282     0.71962706
            283     0.71978303
            284     0.71843287
            285     0.71768439
            286     0.71873530
            287     0.71840595
            288     0.71578580
            289     0.71669990
            290     0.71697445
            291     0.71506304
            292     0.71608748
            293     0.71605839
            294     0.71462204
            295     0.71537270
            296     0.71504837
            297     0.71331380
            298     0.71264133
            299     0.71260796
            300     0.71333948
            301     0.71216527
            302     0.71197361
            303     0.71237238
            304     0.71053775
            305     0.71119849
            306     0.71058009
            307     0.70999104
            308     0.70956435
            309     0.70829470
            310     0.70876872
            311     0.70846240
            312     0.70799961
            313     0.70896046
            314     0.70731820
            315     0.70745270
            316     0.70700040
            317     0.70511990
            318     0.70674192
            319     0.70610380
            320     0.70589854
            321     0.70495350
            322     0.70460804
            323     0.70435707
            324     0.70502229
            325     0.70381103
            326     0.70333250
            327     0.70363743
            328     0.70248344
            329     0.70272554
            330     0.70206308
            331     0.70271827
            332     0.70191381
            333     0.69989739
            334     0.70166986
            335     0.69983477
            336     0.70048042
            337     0.70077701
            338     0.69888072
            339     0.69930328
            340     0.69866565
            341     0.69905392
            342     0.69820610
            343     0.69859265
            344     0.69715078
            345     0.69747092
            346     0.69658125
            347     0.69688546
            348     0.69799439
            349     0.69549597
            350     0.69645184
            351     0.69483792
            352     0.69609855
            353     0.69518871
            354     0.69480602
            355     0.69433127
            356     0.69409689
            357     0.69399059
            358     0.69352193
            359     0.69338895
            360     0.69238548
            361     0.69257590
            362     0.69258320
            363     0.69145163
            364     0.69238433
            365     0.69197412
            366     0.69198753
            367     0.69161309
            368     0.69027856
            369     0.69133121
            370     0.69034200
            371     0.68905086
            372     0.68932844
            373     0.68890706
            374     0.68869441
            375     0.68894441
            376     0.68784814
            377     0.68796506
            378     0.68781532
            379     0.68711486
            380     0.68708482
            381     0.68671071
            382     0.68666532
            383     0.68595551
            384     0.68596712
            385     0.68579793
            386     0.68746249
            387     0.68636400
            388     0.68514692
            389     0.68585454
            390     0.68500580
            391     0.68441183
            392     0.68497976
            393     0.68391670
            394     0.68273127
            395     0.68380758
            396     0.68252231
            397     0.68222923
            398     0.68313104
            399     0.68236264
            400     0.68297587
            401     0.68220741
            402     0.68149507
            403     0.68125703
            404     0.68092742
            405     0.68034075
            406     0.68010704
            407     0.68104848
            408     0.68075291
            409     0.68045603
            410     0.67887028
            411     0.67991005
            412     0.68024462
            413     0.67927472
            414     0.67976666
            415     0.67957099
            416     0.67857150
            417     0.67749824
            418     0.67882495
            419     0.67910414
            420     0.67792930
            421     0.67789737
            422     0.67828666
            423     0.67630407
            424     0.67638593
            425     0.67613191
            426     0.67764980
            427     0.67677267
            428     0.67548679
            429     0.67691387
            430     0.67579015
            431     0.67635541
            432     0.67524552
            433     0.67578982
            434     0.67435212
            435     0.67472737
            436     0.67418240
            437     0.67396902
            438     0.67453409
            439     0.67406898
            440     0.67384030
            441     0.67431395
            442     0.67297976
            443     0.67325505
            444     0.67364119
            445     0.67095013
            446     0.67167552
            447     0.67240186
            448     0.67183519
            449     0.67056998
            450     0.67143319
            451     0.67029965
            452     0.67068007
            453     0.67098933
            454     0.67146609
            455     0.67032460
            456     0.67040397
            457     0.67024238
            458     0.66899352
            459     0.67084257
            460     0.66897331
            461     0.66962245
            462     0.66887630
            463     0.66914342
            464     0.66846847
            465     0.66820061
            466     0.66809348
            467     0.66781477
            468     0.66853093
            469     0.66793898
            470     0.66790488
            471     0.66709208
            472     0.66626003
            473     0.66757406
            474     0.66648859
            475     0.66763521
            476     0.66579575
            477     0.66707279
            478     0.66730027
            479     0.66622070
            480     0.66638961
            481     0.66551015
            482     0.66617832
            483     0.66560756
            484     0.66514494
            485     0.66484140
            486     0.66534598
            487     0.66548402
            488     0.66446357
            489     0.66436716
            490     0.66465849
            491     0.66497160
            492     0.66394706
            493     0.66378303
            494     0.66437232
            495     0.66373308
            496     0.66454250
            497     0.66301506
            498     0.66353212
            499     0.66206895
            500     0.66283908
